MGG_K_locus,completeness,total_SCs,KASPAH_REF_SCs,other_SCs
KL1,100,15,1,14
KL1,100,15,1,14
KL1,100,15,1,14
KL1,75.66,15,1,14
KL1,100,15,1,14
KL1,100,15,1,14
KL1,100,15,1,14
KL1,100,15,1,14
KL1,100,15,1,14
KL1,100,15,1,14
KL1,100,15,1,14
KL1,100,15,1,14
KL1,100,15,1,14
KL1,100,15,1,14
KL1,100,15,1,14
KL1,100,15,1,14
KL1,100,15,1,14
KL1,100,15,1,14
KL1,100,15,1,14
KL1,100,15,1,14
KL1,100,15,1,14
KL1,100,15,1,14
KL1,100,15,1,14
KL1,100,15,1,14
KL1,100,15,1,14
KL1,100,15,1,14
KL1,91.47,15,1,14
KL1,91.47,15,1,14
KL1,90.99,15,1,14
KL1,89.83,15,1,14
KL1,73.62,15,1,14
KL1,65.14,15,1,14
KL1,100,15,1,14
KL1,100,15,1,14
KL1,100,15,1,14
KL1,100,15,1,14
KL1,88.14,15,1,14
KL1,65.35,15,1,14
KL1,100,15,1,14
KL1,100,15,1,14
KL1,100,15,1,14
KL1,100,15,1,14
KL1,100,15,1,14
KL1,100,15,1,14
KL1,100,15,1,14
KL1,100,15,1,14
KL1,100,15,1,14
KL1,100,15,1,14
KL1,100,15,1,14
KL1,100,15,1,14
KL1,100,15,1,14
KL1,100,15,1,14
KL1,82.39,15,1,14
KL1,100,15,1,14
KL1,72.29,15,1,14
KL1,100,15,1,14
KL1,100,15,1,14
KL1,66.39,15,1,14
KL1,100,15,1,14
KL1,100,15,1,14
KL1,100,15,1,14
KL1,100,15,1,14
KL1,100,15,1,14
KL1,100,15,1,14
KL1,100,15,1,14
KL1,77.45,15,1,14
KL1,100,15,1,14
KL1,100,15,1,14
KL1,100,15,1,14
KL1,100,15,1,14
KL1,100,15,1,14
KL1,100,15,1,14
KL1,100,15,1,14
KL1,73,15,1,14
KL1,58.57,15,1,14
KL1,82.37,15,1,14
KL1,69.78,15,1,14
KL10,100,16,1,15
KL10,100,16,1,15
KL10,100,16,1,15
KL10,100,16,1,15
KL10,100,16,1,15
KL10,100,16,1,15
KL10,100,16,1,15
KL10,100,16,1,15
KL10,100,16,1,15
KL10,94.51,16,1,15
KL10,90.52,16,1,15
KL10,88.61,16,1,15
KL10,65.26,16,1,15
KL10,100,16,1,15
KL10,100,16,1,15
KL10,82.74,16,1,15
KL10,100,16,1,15
KL10,100,16,1,15
KL10,100,16,1,15
KL10,100,16,1,15
KL10,100,16,1,15
KL10,100,16,1,15
KL10,100,16,1,15
KL10,100,16,1,15
KL10,100,16,1,15
KL10,96.08,16,1,15
KL10,69.2,16,1,15
KL10,67.69,16,1,15
KL10,67.69,16,1,15
KL10,67.69,16,1,15
KL10,100,16,1,15
KL10,100,16,1,15
KL10,100,16,1,15
KL10,94.51,16,1,15
KL10,100,16,1,15
KL10,100,16,1,15
KL10,100,16,1,15
KL10,100,16,1,15
KL10,100,16,1,15
KL10,100,16,1,15
KL10,100,16,1,15
KL10,90.52,16,1,15
KL10,69.32,16,1,15
KL10,65.26,16,1,15
KL10,59.54,16,1,15
KL10,58.51,16,1,15
KL10,56.11,16,1,15
KL10,53.57,16,1,15
KL10,100,16,1,15
KL10,100,16,1,15
KL10,100,16,1,15
KL10,100,16,1,15
KL10,99.37,16,1,15
KL10,100,16,1,15
KL10,100,16,1,15
KL10,98.79,16,1,15
KL10,93.34,16,1,15
KL10,74.15,16,1,15
KL10,68.66,16,1,15
KL10,65.51,16,1,15
KL10,65.38,16,1,15
KL10,65.35,16,1,15
KL10,59,16,1,15
KL10,57.48,16,1,15
KL10,100,16,1,15
KL10,100,16,1,15
KL10,89.13,16,1,15
KL10,84.23,16,1,15
KL10,84.22,16,1,15
KL10,76.51,16,1,15
KL10,75.5,16,1,15
KL10,72.52,16,1,15
KL10,71.5,16,1,15
KL10,60.18,16,1,15
KL10,60.15,16,1,15
KL10,100,16,1,15
KL10,100,16,1,15
KL10,100,16,1,15
KL10,98.65,16,1,15
KL10,86.04,16,1,15
KL10,84.14,16,1,15
KL10,74.29,16,1,15
KL10,66.49,16,1,15
KL10,55.53,16,1,15
KL10,100,16,1,15
KL10,100,16,1,15
KL10,69.2,16,1,15
KL10,67.69,16,1,15
KL10,100,16,1,15
KL10,100,16,1,15
KL10,100,16,1,15
KL10,100,16,1,15
KL10,100,16,1,15
KL10,100,16,1,15
KL10,100,16,1,15
KL10,100,16,1,15
KL10,100,16,1,15
KL10,100,16,1,15
KL10,85.01,16,1,15
KL103,100,10,1,9
KL103,100,10,1,9
KL103,100,10,1,9
KL103,100,10,1,9
KL103,100,10,1,9
KL103,100,10,1,9
KL103,100,10,1,9
KL103,100,10,1,9
KL103,100,10,1,9
KL103,100,10,1,9
KL103,99.24,10,1,9
KL103,95,10,1,9
KL103,83.4,10,1,9
KL103,60.66,10,1,9
KL103,57.5,10,1,9
KL103,54.32,10,1,9
KL103,53.47,10,1,9
KL103,100,10,1,9
KL103,100,10,1,9
KL103,100,10,1,9
KL103,99.61,10,1,9
KL103,95.7,10,1,9
KL103,100,10,1,9
KL103,84.82,10,1,9
KL103,69.36,10,1,9
KL103,100,10,1,9
KL103,100,10,1,9
KL103,100,10,1,9
KL103,100,10,1,9
KL103,100,10,1,9
KL103,100,10,1,9
KL103,100,10,1,9
KL103,100,10,1,9
KL103,100,10,1,9
KL103,95,10,1,9
KL103,68.29,10,1,9
KL11,100,11,0,11
KL11,100,11,0,11
KL11,100,11,0,11
KL11,100,11,0,11
KL11,100,11,0,11
KL11,100,11,0,11
KL11,100,11,0,11
KL11,100,11,0,11
KL11,100,11,0,11
KL11,100,11,0,11
KL11,100,11,0,11
KL11,100,11,0,11
KL11,59.07,11,0,11
KL11,100,11,0,11
KL11,100,11,0,11
KL11,72.36,11,0,11
KL11,72.34,11,0,11
KL11,56.66,11,0,11
KL11,56.66,11,0,11
KL11,100,11,0,11
KL11,100,11,0,11
KL11,100,11,0,11
KL11,100,11,0,11
KL11,100,11,0,11
KL11,88.32,11,0,11
KL11,87.39,11,0,11
KL11,100,11,0,11
KL11,100,11,0,11
KL11,100,11,0,11
KL11,100,11,0,11
KL11,56.66,11,0,11
KL11,56.56,11,0,11
KL11,100,11,0,11
KL11,100,11,0,11
KL11,100,11,0,11
KL11,100,11,0,11
KL11,100,11,0,11
KL11,100,11,0,11
KL11,70.6,11,0,11
KL11,100,11,0,11
KL11,100,11,0,11
KL11,100,11,0,11
KL11,100,11,0,11
KL11,100,11,0,11
KL11,100,11,0,11
KL11,100,11,0,11
KL11,100,11,0,11
KL11,86.32,11,0,11
KL11,78.41,11,0,11
KL11,98.92,11,0,11
KL11,78.58,11,0,11
KL11,69.82,11,0,11
KL11,67.15,11,0,11
KL11,100,11,0,11
KL11,100,11,0,11
KL11,89.21,11,0,11
KL11,56.99,11,0,11
KL11,56.67,11,0,11
KL11,56.66,11,0,11
KL11,100,11,0,11
KL11,100,11,0,11
KL11,100,11,0,11
KL11,100,11,0,11
KL11,100,11,0,11
KL11,100,11,0,11
KL11,100,11,0,11
KL11,100,11,0,11
KL11,67.79,11,0,11
KL11,100,11,0,11
KL11,100,11,0,11
KL11,90.07,11,0,11
KL11,83.46,11,0,11
KL11,72.35,11,0,11
KL11,56.96,11,0,11
KL11,56.66,11,0,11
KL111,100,14,1,13
KL111,100,14,1,13
KL111,100,14,1,13
KL111,100,14,1,13
KL111,100,14,1,13
KL111,96.96,14,1,13
KL111,96.96,14,1,13
KL111,80.24,14,1,13
KL111,79.41,14,1,13
KL111,100,14,1,13
KL111,100,14,1,13
KL111,97.79,14,1,13
KL111,54.45,14,1,13
KL111,100,14,1,13
KL111,100,14,1,13
KL111,100,14,1,13
KL111,100,14,1,13
KL111,100,14,1,13
KL111,88.02,14,1,13
KL111,84.5,14,1,13
KL111,69.79,14,1,13
KL111,62.36,14,1,13
KL111,100,14,1,13
KL111,100,14,1,13
KL111,100,14,1,13
KL111,100,14,1,13
KL111,100,14,1,13
KL111,100,14,1,13
KL111,100,14,1,13
KL111,100,14,1,13
KL111,98.65,14,1,13
KL111,97.57,14,1,13
KL111,100,14,1,13
KL111,79.51,14,1,13
KL111,79.39,14,1,13
KL111,97.79,14,1,13
KL111,100,14,1,13
KL111,100,14,1,13
KL111,100,14,1,13
KL111,98.65,14,1,13
KL111,100,14,1,13
KL111,79.39,14,1,13
KL111,63.71,14,1,13
KL111,62.72,14,1,13
KL111,100,14,1,13
KL111,100,14,1,13
KL111,68.42,14,1,13
KL111,54.53,14,1,13
KL111,54.53,14,1,13
KL111,100,14,1,13
KL111,100,14,1,13
KL111,100,14,1,13
KL111,100,14,1,13
KL111,94.3,14,1,13
KL111,94.16,14,1,13
KL111,92.39,14,1,13
KL111,90.97,14,1,13
KL111,100,14,1,13
KL111,95.65,14,1,13
KL111,79.73,14,1,13
KL111,100,14,1,13
KL111,100,14,1,13
KL111,100,14,1,13
KL111,100,14,1,13
KL111,100,14,1,13
KL111,100,14,1,13
KL111,88.97,14,1,13
KL111,88.97,14,1,13
KL111,79.39,14,1,13
KL111,75.17,14,1,13
KL111,63.61,14,1,13
KL111,60.16,14,1,13
KL111,97.79,14,1,13
KL111,100,14,1,13
KL111,100,14,1,13
KL111,100,14,1,13
KL111,100,14,1,13
KL111,100,14,1,13
KL111,89.75,14,1,13
KL111,100,14,1,13
KL111,100,14,1,13
KL111,100,14,1,13
KL111,100,14,1,13
KL111,100,14,1,13
KL111,100,14,1,13
KL111,97.92,14,1,13
KL111,97.57,14,1,13
KL111,90.36,14,1,13
KL111,100,14,1,13
KL111,100,14,1,13
KL111,100,14,1,13
KL111,100,14,1,13
KL111,100,14,1,13
KL111,100,14,1,13
KL111,89.39,14,1,13
KL111,79.39,14,1,13
KL111,63.71,14,1,13
KL111,62.72,14,1,13
KL111,100,14,1,13
KL111,88.97,14,1,13
KL111,88.97,14,1,13
KL111,85.45,14,1,13
KL111,63.61,14,1,13
KL111,100,14,1,13
KL111,100,14,1,13
KL111,90.66,14,1,13
KL111,100,14,1,13
KL111,100,14,1,13
KL111,100,14,1,13
KL111,100,14,1,13
KL111,100,14,1,13
KL111,100,14,1,13
KL111,100,14,1,13
KL111,100,14,1,13
KL111,100,14,1,13
KL111,100,14,1,13
KL111,100,14,1,13
KL111,100,14,1,13
KL111,63.72,14,1,13
KL122,100,11,1,10
KL122,100,11,1,10
KL122,73.83,11,1,10
KL122,71.4,11,1,10
KL122,100,11,1,10
KL122,100,11,1,10
KL122,100,11,1,10
KL122,100,11,1,10
KL122,100,11,1,10
KL122,92.89,11,1,10
KL122,100,11,1,10
KL122,100,11,1,10
KL122,100,11,1,10
KL122,100,11,1,10
KL122,90.03,11,1,10
KL122,100,11,1,10
KL122,100,11,1,10
KL122,100,11,1,10
KL122,100,11,1,10
KL122,100,11,1,10
KL122,100,11,1,10
KL122,100,11,1,10
KL122,100,11,1,10
KL122,70.07,11,1,10
KL122,66.86,11,1,10
KL122,100,11,1,10
KL122,100,11,1,10
KL122,68.78,11,1,10
KL122,100,11,1,10
KL122,100,11,1,10
KL122,100,11,1,10
KL122,100,11,1,10
KL122,92.25,11,1,10
KL122,100,11,1,10
KL122,87.64,11,1,10
KL122,83.95,11,1,10
KL122,72.88,11,1,10
KL122,63.94,11,1,10
KL122,53.67,11,1,10
KL122,100,11,1,10
KL122,100,11,1,10
KL122,100,11,1,10
KL122,100,11,1,10
KL122,88.94,11,1,10
KL122,74.07,11,1,10
KL122,73.15,11,1,10
KL122,76,11,1,10
KL122,100,11,1,10
KL122,100,11,1,10
KL122,65.33,11,1,10
KL122,100,11,1,10
KL122,100,11,1,10
KL122,100,11,1,10
KL122,83.42,11,1,10
KL122,100,11,1,10
KL122,100,11,1,10
KL122,100,11,1,10
KL122,100,11,1,10
KL122,100,11,1,10
KL122,94.49,11,1,10
KL122,90.22,11,1,10
KL122,72.82,11,1,10
KL122,100,11,1,10
KL122,100,11,1,10
KL122,100,11,1,10
KL122,100,11,1,10
KL122,100,11,1,10
KL122,97.48,11,1,10
KL122,89.9,11,1,10
KL125,100,14,1,13
KL125,100,14,1,13
KL125,100,14,1,13
KL125,100,14,1,13
KL125,100,14,1,13
KL125,100,14,1,13
KL125,100,14,1,13
KL125,100,14,1,13
KL125,100,14,1,13
KL125,100,14,1,13
KL125,100,14,1,13
KL125,100,14,1,13
KL125,57.84,14,1,13
KL125,57.27,14,1,13
KL125,100,14,1,13
KL125,100,14,1,13
KL125,84.28,14,1,13
KL125,100,14,1,13
KL125,100,14,1,13
KL125,100,14,1,13
KL125,100,14,1,13
KL125,100,14,1,13
KL125,100,14,1,13
KL125,100,14,1,13
KL125,100,14,1,13
KL125,100,14,1,13
KL125,71.38,14,1,13
KL125,71.38,14,1,13
KL125,100,14,1,13
KL125,71.35,14,1,13
KL125,71.35,14,1,13
KL125,100,14,1,13
KL125,100,14,1,13
KL125,67.73,14,1,13
KL125,60.48,14,1,13
KL125,58.2,14,1,13
KL125,100,14,1,13
KL125,100,14,1,13
KL125,100,14,1,13
KL125,92.41,14,1,13
KL125,100,14,1,13
KL125,100,14,1,13
KL125,100,14,1,13
KL125,98.51,14,1,13
KL125,100,14,1,13
KL125,100,14,1,13
KL125,100,14,1,13
KL125,100,14,1,13
KL125,100,14,1,13
KL125,100,14,1,13
KL125,100,14,1,13
KL125,100,14,1,13
KL125,100,14,1,13
KL125,100,14,1,13
KL125,100,14,1,13
KL125,100,14,1,13
KL125,100,14,1,13
KL125,100,14,1,13
KL125,100,14,1,13
KL125,65.35,14,1,13
KL125,65.35,14,1,13
KL125,100,14,1,13
KL125,100,14,1,13
KL125,81.43,14,1,13
KL125,70.76,14,1,13
KL125,100,14,1,13
KL125,100,14,1,13
KL125,100,14,1,13
KL125,100,14,1,13
KL125,69.72,14,1,13
KL127,100,10,1,9
KL127,100,10,1,9
KL127,100,10,1,9
KL127,100,10,1,9
KL127,82.02,10,1,9
KL127,81.21,10,1,9
KL127,100,10,1,9
KL127,68.86,10,1,9
KL127,100,10,1,9
KL127,100,10,1,9
KL127,78.13,10,1,9
KL127,73.77,10,1,9
KL127,89.84,10,1,9
KL127,100,10,1,9
KL127,100,10,1,9
KL127,95.3,10,1,9
KL127,89.12,10,1,9
KL127,89.1,10,1,9
KL127,89.1,10,1,9
KL127,89.1,10,1,9
KL127,89.1,10,1,9
KL127,89.1,10,1,9
KL127,89.1,10,1,9
KL127,89.1,10,1,9
KL127,89.1,10,1,9
KL127,89.1,10,1,9
KL127,100,10,1,9
KL127,100,10,1,9
KL127,100,10,1,9
KL127,100,10,1,9
KL127,100,10,1,9
KL127,100,10,1,9
KL127,100,10,1,9
KL127,100,10,1,9
KL127,100,10,1,9
KL127,100,10,1,9
KL127,100,10,1,9
KL127,89.44,10,1,9
KL127,89.44,10,1,9
KL127,89.44,10,1,9
KL127,89.44,10,1,9
KL127,88.44,10,1,9
KL127,88.44,10,1,9
KL127,88.44,10,1,9
KL127,88.44,10,1,9
KL127,88.44,10,1,9
KL127,88.44,10,1,9
KL127,88.44,10,1,9
KL127,100,10,1,9
KL127,100,10,1,9
KL127,100,10,1,9
KL127,100,10,1,9
KL127,79.92,10,1,9
KL127,69.03,10,1,9
KL127,100,10,1,9
KL127,100,10,1,9
KL127,100,10,1,9
KL127,100,10,1,9
KL127,100,10,1,9
KL127,100,10,1,9
KL127,79.57,10,1,9
KL127,76.63,10,1,9
KL127,100,10,1,9
KL127,100,10,1,9
KL127,81.44,10,1,9
KL127,69.76,10,1,9
KL127,100,10,1,9
KL127,100,10,1,9
KL127,100,10,1,9
KL127,100,10,1,9
KL127,100,10,1,9
KL127,99.57,10,1,9
KL13,100,18,0,18
KL13,86.77,18,0,18
KL13,56.3,18,0,18
KL13,100,18,0,18
KL13,100,18,0,18
KL13,100,18,0,18
KL13,100,18,0,18
KL13,100,18,0,18
KL13,100,18,0,18
KL13,64.56,18,0,18
KL13,100,18,0,18
KL13,100,18,0,18
KL13,99.36,18,0,18
KL13,98.3,18,0,18
KL13,81.94,18,0,18
KL13,81.88,18,0,18
KL13,76.33,18,0,18
KL13,68.17,18,0,18
KL13,100,18,0,18
KL13,100,18,0,18
KL13,100,18,0,18
KL13,100,18,0,18
KL13,100,18,0,18
KL13,100,18,0,18
KL13,85,18,0,18
KL13,84.67,18,0,18
KL13,100,18,0,18
KL13,100,18,0,18
KL13,100,18,0,18
KL13,100,18,0,18
KL13,81.12,18,0,18
KL13,100,18,0,18
KL13,50.33,18,0,18
KL13,55.26,18,0,18
KL13,100,18,0,18
KL13,100,18,0,18
KL13,100,18,0,18
KL13,100,18,0,18
KL13,100,18,0,18
KL13,100,18,0,18
KL13,100,18,0,18
KL13,96.46,18,0,18
KL13,88.24,18,0,18
KL13,100,18,0,18
KL13,77.26,18,0,18
KL13,100,18,0,18
KL13,100,18,0,18
KL13,100,18,0,18
KL13,100,18,0,18
KL13,100,18,0,18
KL13,100,18,0,18
KL13,100,18,0,18
KL13,100,18,0,18
KL13,100,18,0,18
KL13,100,18,0,18
KL13,100,18,0,18
KL13,100,18,0,18
KL13,100,18,0,18
KL13,89.54,18,0,18
KL14,100,11,2,9
KL14,100,11,2,9
KL14,89.28,11,2,9
KL14,83.91,11,2,9
KL14,71.05,11,2,9
KL14,64.42,11,2,9
KL14,100,11,2,9
KL14,100,11,2,9
KL14,100,11,2,9
KL14,100,11,2,9
KL14,100,11,2,9
KL14,100,11,2,9
KL14,100,11,2,9
KL14,100,11,2,9
KL14,100,11,2,9
KL14,100,11,2,9
KL14,100,11,2,9
KL14,100,11,2,9
KL14,100,11,2,9
KL14,100,11,2,9
KL14,100,11,2,9
KL14,100,11,2,9
KL14,87.12,11,2,9
KL14,76.17,11,2,9
KL14,72.67,11,2,9
KL14,63.94,11,2,9
KL14,63.41,11,2,9
KL14,54.43,11,2,9
KL14,52.22,11,2,9
KL14,100,11,2,9
KL14,100,11,2,9
KL14,100,11,2,9
KL14,100,11,2,9
KL14,100,11,2,9
KL14,100,11,2,9
KL14,100,11,2,9
KL14,100,11,2,9
KL14,100,11,2,9
KL14,100,11,2,9
KL14,83.47,11,2,9
KL14,76.26,11,2,9
KL14,72.92,11,2,9
KL14,71.69,11,2,9
KL14,100,11,2,9
KL14,100,11,2,9
KL14,100,11,2,9
KL14,100,11,2,9
KL14,98.2,11,2,9
KL14,98.18,11,2,9
KL14,87.29,11,2,9
KL14,79.84,11,2,9
KL14,72.37,11,2,9
KL14,69.08,11,2,9
KL14,55.5,11,2,9
KL14,54.99,11,2,9
KL14,100,11,2,9
KL14,92.95,11,2,9
KL14,92.95,11,2,9
KL14,100,11,2,9
KL14,100,11,2,9
KL14,84.28,11,2,9
KL14,84.28,11,2,9
KL14,70.81,11,2,9
KL14,56.64,11,2,9
KL14,100,11,2,9
KL14,55.05,11,2,9
KL14,55.05,11,2,9
KL14,100,11,2,9
KL14,100,11,2,9
KL14,100,11,2,9
KL14,100,11,2,9
KL14,100,11,2,9
KL14,100,11,2,9
KL14,100,11,2,9
KL14,95.44,11,2,9
KL14,84.03,11,2,9
KL14,71.53,11,2,9
KL14,65.33,11,2,9
KL14,65.33,11,2,9
KL14,62.63,11,2,9
KL14,59.84,11,2,9
KL14,56.02,11,2,9
KL14,54.42,11,2,9
KL14,53.06,11,2,9
KL14,90.56,11,2,9
KL14,100,11,2,9
KL14,100,11,2,9
KL14,100,11,2,9
KL14,82.08,11,2,9
KL14,60.52,11,2,9
KL14,90.67,11,2,9
KL14,55.38,11,2,9
KL14,100,11,2,9
KL14,98.49,11,2,9
KL14,65.35,11,2,9
KL14,64.47,11,2,9
KL14,94.77,11,2,9
KL14,94.77,11,2,9
KL14,100,11,2,9
KL14,100,11,2,9
KL14,100,11,2,9
KL14,100,11,2,9
KL14,100,11,2,9
KL14,81.14,11,2,9
KL14,100,11,2,9
KL14,100,11,2,9
KL14,71.53,11,2,9
KL14,100,11,2,9
KL14,100,11,2,9
KL14,100,11,2,9
KL14,100,11,2,9
KL14,100,11,2,9
KL14,100,11,2,9
KL14,100,11,2,9
KL14,82.45,11,2,9
KL14,78.13,11,2,9
KL14,72.38,11,2,9
KL14,65.33,11,2,9
KL14,96.75,11,2,9
KL14,100,11,2,9
KL14,100,11,2,9
KL14,100,11,2,9
KL14,88.06,11,2,9
KL14,61.94,11,2,9
KL142,100,11,1,10
KL142,100,11,1,10
KL142,87.59,11,1,10
KL142,54.03,11,1,10
KL142,76.8,11,1,10
KL142,100,11,1,10
KL142,100,11,1,10
KL142,100,11,1,10
KL142,100,11,1,10
KL142,100,11,1,10
KL142,100,11,1,10
KL142,100,11,1,10
KL142,100,11,1,10
KL142,100,11,1,10
KL142,65.51,11,1,10
KL142,100,11,1,10
KL142,87.12,11,1,10
KL142,100,11,1,10
KL142,100,11,1,10
KL142,100,11,1,10
KL142,100,11,1,10
KL142,68.05,11,1,10
KL142,100,11,1,10
KL142,100,11,1,10
KL142,100,11,1,10
KL142,98.73,11,1,10
KL142,70.83,11,1,10
KL142,100,11,1,10
KL142,86.43,11,1,10
KL142,86.43,11,1,10
KL142,61.27,11,1,10
KL142,87.82,11,1,10
KL15,100,12,2,10
KL15,100,12,2,10
KL15,100,12,2,10
KL15,100,12,2,10
KL15,100,12,2,10
KL15,98.85,12,2,10
KL15,92.51,12,2,10
KL15,100,12,2,10
KL15,74.91,12,2,10
KL15,74.74,12,2,10
KL15,75.06,12,2,10
KL15,100,12,2,10
KL15,100,12,2,10
KL15,100,12,2,10
KL15,100,12,2,10
KL15,100,12,2,10
KL15,100,12,2,10
KL15,100,12,2,10
KL15,100,12,2,10
KL15,100,12,2,10
KL15,88.73,12,2,10
KL15,70.17,12,2,10
KL15,100,12,2,10
KL15,100,12,2,10
KL15,100,12,2,10
KL15,100,12,2,10
KL15,100,12,2,10
KL15,100,12,2,10
KL15,100,12,2,10
KL15,99.6,12,2,10
KL15,99.21,12,2,10
KL15,99.18,12,2,10
KL15,98.88,12,2,10
KL15,86.41,12,2,10
KL15,71.66,12,2,10
KL15,70.17,12,2,10
KL15,65.52,12,2,10
KL15,100,12,2,10
KL15,100,12,2,10
KL15,100,12,2,10
KL15,100,12,2,10
KL15,100,12,2,10
KL15,100,12,2,10
KL15,97.51,12,2,10
KL15,81.33,12,2,10
KL15,100,12,2,10
KL15,100,12,2,10
KL15,84.09,12,2,10
KL15,100,12,2,10
KL15,100,12,2,10
KL15,100,12,2,10
KL15,70.17,12,2,10
KL15,100,12,2,10
KL15,100,12,2,10
KL15,100,12,2,10
KL15,100,12,2,10
KL15,90.01,12,2,10
KL15,75.23,12,2,10
KL15,100,12,2,10
KL15,100,12,2,10
KL15,97.83,12,2,10
KL15,89.43,12,2,10
KL15,78.17,12,2,10
KL15,64.78,12,2,10
KL15,64.21,12,2,10
KL15,62.62,12,2,10
KL15,100,12,2,10
KL15,100,12,2,10
KL15,100,12,2,10
KL15,88.88,12,2,10
KL15,59.29,12,2,10
KL15,100,12,2,10
KL15,93.49,12,2,10
KL15,88.83,12,2,10
KL15,100,12,2,10
KL15,100,12,2,10
KL15,100,12,2,10
KL15,100,12,2,10
KL15,100,12,2,10
KL15,100,12,2,10
KL15,100,12,2,10
KL15,100,12,2,10
KL15,100,12,2,10
KL15,100,12,2,10
KL15,91.68,12,2,10
KL15,91.11,12,2,10
KL15,83.09,12,2,10
KL15,75.06,12,2,10
KL15,73.36,12,2,10
KL15,100,12,2,10
KL15,72.06,12,2,10
KL15,100,12,2,10
KL15,100,12,2,10
KL15,100,12,2,10
KL15,70.17,12,2,10
KL16,100,11,1,10
KL16,100,11,1,10
KL16,100,11,1,10
KL16,95.54,11,1,10
KL16,88.76,11,1,10
KL16,100,11,1,10
KL16,100,11,1,10
KL16,100,11,1,10
KL16,100,11,1,10
KL16,100,11,1,10
KL16,84.18,11,1,10
KL16,100,11,1,10
KL16,100,11,1,10
KL16,100,11,1,10
KL16,100,11,1,10
KL16,100,11,1,10
KL16,100,11,1,10
KL16,100,11,1,10
KL16,100,11,1,10
KL16,100,11,1,10
KL16,100,11,1,10
KL16,100,11,1,10
KL16,100,11,1,10
KL16,91.22,11,1,10
KL16,87.97,11,1,10
KL16,85.2,11,1,10
KL16,81.3,11,1,10
KL16,77.41,11,1,10
KL16,53.34,11,1,10
KL16,100,11,1,10
KL16,85.07,11,1,10
KL16,72.79,11,1,10
KL16,100,11,1,10
KL16,100,11,1,10
KL16,87.76,11,1,10
KL16,69.9,11,1,10
KL16,64.86,11,1,10
KL16,100,11,1,10
KL16,100,11,1,10
KL16,100,11,1,10
KL16,76.58,11,1,10
KL16,59.36,11,1,10
KL16,99.5,11,1,10
KL16,53.57,11,1,10
KL16,94.58,11,1,10
KL16,96.41,11,1,10
KL16,100,11,1,10
KL16,100,11,1,10
KL16,100,11,1,10
KL16,94.58,11,1,10
KL16,96.41,11,1,10
KL16,100,11,1,10
KL16,55.79,11,1,10
KL16,100,11,1,10
KL16,92.8,11,1,10
KL16,98.31,11,1,10
KL16,100,11,1,10
KL16,100,11,1,10
KL16,100,11,1,10
KL16,100,11,1,10
KL16,89.26,11,1,10
KL16,65.5,11,1,10
KL16,100,11,1,10
KL16,100,11,1,10
KL16,100,11,1,10
KL16,70.65,11,1,10
KL16,100,11,1,10
KL16,100,11,1,10
KL16,100,11,1,10
KL16,100,11,1,10
KL2,100,11,3,8
KL2,100,11,3,8
KL2,100,11,3,8
KL2,100,11,3,8
KL2,100,11,3,8
KL2,100,11,3,8
KL2,100,11,3,8
KL2,100,11,3,8
KL2,100,11,3,8
KL2,100,11,3,8
KL2,89.21,11,3,8
KL2,63.9,11,3,8
KL2,50.77,11,3,8
KL2,100,11,3,8
KL2,100,11,3,8
KL2,100,11,3,8
KL2,100,11,3,8
KL2,100,11,3,8
KL2,100,11,3,8
KL2,100,11,3,8
KL2,94.1,11,3,8
KL2,81.81,11,3,8
KL2,57.34,11,3,8
KL2,100,11,3,8
KL2,53.75,11,3,8
KL2,100,11,3,8
KL2,100,11,3,8
KL2,88.86,11,3,8
KL2,85.26,11,3,8
KL2,100,11,3,8
KL2,96.77,11,3,8
KL2,89.8,11,3,8
KL2,53.78,11,3,8
KL2,57.71,11,3,8
KL2,100,11,3,8
KL2,100,11,3,8
KL2,100,11,3,8
KL2,100,11,3,8
KL2,84.04,11,3,8
KL2,100,11,3,8
KL2,100,11,3,8
KL2,100,11,3,8
KL2,100,11,3,8
KL2,100,11,3,8
KL2,100,11,3,8
KL2,79.7,11,3,8
KL2,78.26,11,3,8
KL2,88.86,11,3,8
KL2,100,11,3,8
KL2,100,11,3,8
KL2,100,11,3,8
KL2,90.62,11,3,8
KL2,90.62,11,3,8
KL2,72.69,11,3,8
KL2,57.63,11,3,8
KL2,52.14,11,3,8
KL2,100,11,3,8
KL2,100,11,3,8
KL2,100,11,3,8
KL2,100,11,3,8
KL2,91.12,11,3,8
KL2,83.36,11,3,8
KL2,67.31,11,3,8
KL2,69.39,11,3,8
KL2,60.27,11,3,8
KL2,100,11,3,8
KL2,100,11,3,8
KL2,100,11,3,8
KL2,100,11,3,8
KL2,100,11,3,8
KL2,100,11,3,8
KL2,100,11,3,8
KL2,99.75,11,3,8
KL2,70.17,11,3,8
KL2,59.58,11,3,8
KL2,100,11,3,8
KL2,100,11,3,8
KL2,93.44,11,3,8
KL2,100,11,3,8
KL2,100,11,3,8
KL2,100,11,3,8
KL2,100,11,3,8
KL2,81.91,11,3,8
KL2,60.49,11,3,8
KL2,100,11,3,8
KL2,100,11,3,8
KL2,82.12,11,3,8
KL2,100,11,3,8
KL2,94.23,11,3,8
KL2,94.14,11,3,8
KL2,83.48,11,3,8
KL2,100,11,3,8
KL2,100,11,3,8
KL2,98.49,11,3,8
KL2,94.62,11,3,8
KL2,94.1,11,3,8
KL2,83.43,11,3,8
KL2,100,11,3,8
KL21,100,13,1,12
KL21,100,13,1,12
KL21,100,13,1,12
KL21,100,13,1,12
KL21,100,13,1,12
KL21,100,13,1,12
KL21,100,13,1,12
KL21,100,13,1,12
KL21,88.71,13,1,12
KL21,82.71,13,1,12
KL21,56.98,13,1,12
KL21,72.25,13,1,12
KL21,100,13,1,12
KL21,50.89,13,1,12
KL21,100,13,1,12
KL21,100,13,1,12
KL21,100,13,1,12
KL21,100,13,1,12
KL21,100,13,1,12
KL21,100,13,1,12
KL21,100,13,1,12
KL21,83.27,13,1,12
KL21,96.13,13,1,12
KL21,100,13,1,12
KL21,100,13,1,12
KL21,100,13,1,12
KL21,100,13,1,12
KL21,100,13,1,12
KL21,100,13,1,12
KL21,100,13,1,12
KL21,100,13,1,12
KL21,100,13,1,12
KL21,100,13,1,12
KL21,100,13,1,12
KL21,100,13,1,12
KL21,100,13,1,12
KL21,100,13,1,12
KL21,100,13,1,12
KL21,100,13,1,12
KL21,100,13,1,12
KL21,100,13,1,12
KL21,100,13,1,12
KL21,100,13,1,12
KL21,100,13,1,12
KL21,100,13,1,12
KL21,100,13,1,12
KL21,100,13,1,12
KL21,100,13,1,12
KL21,56.44,13,1,12
KL21,100,13,1,12
KL21,100,13,1,12
KL21,100,13,1,12
KL21,100,13,1,12
KL21,100,13,1,12
KL21,100,13,1,12
KL21,100,13,1,12
KL21,100,13,1,12
KL21,100,13,1,12
KL21,100,13,1,12
KL21,100,13,1,12
KL21,100,13,1,12
KL21,93.2,13,1,12
KL21,83.23,13,1,12
KL21,79.45,13,1,12
KL21,100,13,1,12
KL21,96.13,13,1,12
KL21,100,13,1,12
KL21,100,13,1,12
KL21,100,13,1,12
KL21,100,13,1,12
KL21,100,13,1,12
KL21,100,13,1,12
KL21,100,13,1,12
KL21,100,13,1,12
KL21,100,13,1,12
KL21,100,13,1,12
KL21,100,13,1,12
KL21,100,13,1,12
KL21,100,13,1,12
KL21,100,13,1,12
KL21,100,13,1,12
KL21,83.21,13,1,12
KL21,84.21,13,1,12
KL21,100,13,1,12
KL21,100,13,1,12
KL21,100,13,1,12
KL21,100,13,1,12
KL21,100,13,1,12
KL21,100,13,1,12
KL21,100,13,1,12
KL21,100,13,1,12
KL21,100,13,1,12
KL21,100,13,1,12
KL21,100,13,1,12
KL21,100,13,1,12
KL21,100,13,1,12
KL21,100,13,1,12
KL21,100,13,1,12
KL21,100,13,1,12
KL21,100,13,1,12
KL21,100,13,1,12
KL21,100,13,1,12
KL21,100,13,1,12
KL21,100,13,1,12
KL21,100,13,1,12
KL21,79.45,13,1,12
KL21,100,13,1,12
KL21,100,13,1,12
KL21,100,13,1,12
KL21,100,13,1,12
KL21,100,13,1,12
KL21,100,13,1,12
KL21,100,13,1,12
KL21,100,13,1,12
KL21,77.79,13,1,12
KL21,100,13,1,12
KL21,100,13,1,12
KL21,62.37,13,1,12
KL22,100,17,2,15
KL22,100,17,2,15
KL22,100,17,2,15
KL22,100,17,2,15
KL22,100,17,2,15
KL22,100,17,2,15
KL22,78.8,17,2,15
KL22,78.41,17,2,15
KL22,74.51,17,2,15
KL22,55.7,17,2,15
KL22,100,17,2,15
KL22,100,17,2,15
KL22,95.41,17,2,15
KL22,95.41,17,2,15
KL22,86.11,17,2,15
KL22,55.7,17,2,15
KL22,55.62,17,2,15
KL22,100,17,2,15
KL22,100,17,2,15
KL22,100,17,2,15
KL22,100,17,2,15
KL22,100,17,2,15
KL22,100,17,2,15
KL22,100,17,2,15
KL22,100,17,2,15
KL22,100,17,2,15
KL22,97.88,17,2,15
KL22,90.66,17,2,15
KL22,86.15,17,2,15
KL22,86.11,17,2,15
KL22,68.89,17,2,15
KL22,68.89,17,2,15
KL22,98.75,17,2,15
KL22,100,17,2,15
KL22,100,17,2,15
KL22,100,17,2,15
KL22,91.05,17,2,15
KL22,80,17,2,15
KL22,65.13,17,2,15
KL22,54.8,17,2,15
KL22,51.01,17,2,15
KL22,100,17,2,15
KL22,100,17,2,15
KL22,100,17,2,15
KL22,95.41,17,2,15
KL22,55.53,17,2,15
KL22,100,17,2,15
KL22,100,17,2,15
KL22,100,17,2,15
KL22,100,17,2,15
KL22,100,17,2,15
KL22,100,17,2,15
KL22,92.89,17,2,15
KL22,85.73,17,2,15
KL22,71.21,17,2,15
KL22,100,17,2,15
KL22,98.22,17,2,15
KL22,90.69,17,2,15
KL22,78.59,17,2,15
KL22,100,17,2,15
KL22,100,17,2,15
KL22,100,17,2,15
KL22,100,17,2,15
KL22,100,17,2,15
KL22,100,17,2,15
KL22,100,17,2,15
KL22,79.68,17,2,15
KL22,100,17,2,15
KL22,100,17,2,15
KL22,100,17,2,15
KL22,90.65,17,2,15
KL22,98.75,17,2,15
KL22,56.92,17,2,15
KL22,100,17,2,15
KL22,100,17,2,15
KL22,100,17,2,15
KL22,100,17,2,15
KL22,100,17,2,15
KL22,100,17,2,15
KL22,55.62,17,2,15
KL22,100,17,2,15
KL22,100,17,2,15
KL22,100,17,2,15
KL22,100,17,2,15
KL22,98.91,17,2,15
KL22,94.37,17,2,15
KL22,92.51,17,2,15
KL22,86.35,17,2,15
KL22,78.77,17,2,15
KL22,73.07,17,2,15
KL22,66.91,17,2,15
KL22,100,17,2,15
KL22,100,17,2,15
KL22,100,17,2,15
KL22,100,17,2,15
KL22,68.92,17,2,15
KL22,100,17,2,15
KL22,100,17,2,15
KL22,100,17,2,15
KL22,100,17,2,15
KL22,100,17,2,15
KL22,100,17,2,15
KL22,71.98,17,2,15
KL22,69.36,17,2,15
KL22,100,17,2,15
KL22,100,17,2,15
KL22,66.9,17,2,15
KL22,55,17,2,15
KL22,100,17,2,15
KL22,100,17,2,15
KL22,100,17,2,15
KL22,100,17,2,15
KL22,100,17,2,15
KL22,100,17,2,15
KL22,96.44,17,2,15
KL22,90.39,17,2,15
KL22,60.52,17,2,15
KL22,51.47,17,2,15
KL22,100,17,2,15
KL22,100,17,2,15
KL22,100,17,2,15
KL22,94.16,17,2,15
KL22,89.61,17,2,15
KL22,89.48,17,2,15
KL22,77.16,17,2,15
KL22,100,17,2,15
KL22,100,17,2,15
KL22,100,17,2,15
KL22,92.95,17,2,15
KL22,78.59,17,2,15
KL22,75.27,17,2,15
KL22,100,17,2,15
KL22,100,17,2,15
KL24,100,16,3,13
KL24,100,16,3,13
KL24,100,16,3,13
KL24,100,16,3,13
KL24,86.42,16,3,13
KL24,85.84,16,3,13
KL24,66.37,16,3,13
KL24,57.47,16,3,13
KL24,100,16,3,13
KL24,100,16,3,13
KL24,100,16,3,13
KL24,100,16,3,13
KL24,100,16,3,13
KL24,100,16,3,13
KL24,99.61,16,3,13
KL24,86.09,16,3,13
KL24,79.2,16,3,13
KL24,74.7,16,3,13
KL24,71.57,16,3,13
KL24,69.2,16,3,13
KL24,67.99,16,3,13
KL24,59.49,16,3,13
KL24,55.62,16,3,13
KL24,100,16,3,13
KL24,100,16,3,13
KL24,100,16,3,13
KL24,100,16,3,13
KL24,100,16,3,13
KL24,100,16,3,13
KL24,100,16,3,13
KL24,100,16,3,13
KL24,100,16,3,13
KL24,100,16,3,13
KL24,100,16,3,13
KL24,100,16,3,13
KL24,100,16,3,13
KL24,100,16,3,13
KL24,100,16,3,13
KL24,100,16,3,13
KL24,100,16,3,13
KL24,100,16,3,13
KL24,100,16,3,13
KL24,100,16,3,13
KL24,100,16,3,13
KL24,100,16,3,13
KL24,100,16,3,13
KL24,83.94,16,3,13
KL24,82.76,16,3,13
KL24,74.7,16,3,13
KL24,71.61,16,3,13
KL24,71.57,16,3,13
KL24,71.57,16,3,13
KL24,100,16,3,13
KL24,100,16,3,13
KL24,100,16,3,13
KL24,100,16,3,13
KL24,100,16,3,13
KL24,91.39,16,3,13
KL24,78.31,16,3,13
KL24,74.35,16,3,13
KL24,66.67,16,3,13
KL24,63.61,16,3,13
KL24,58.46,16,3,13
KL24,100,16,3,13
KL24,100,16,3,13
KL24,100,16,3,13
KL24,100,16,3,13
KL24,100,16,3,13
KL24,100,16,3,13
KL24,98.9,16,3,13
KL24,88.17,16,3,13
KL24,85.59,16,3,13
KL24,83.94,16,3,13
KL24,74.7,16,3,13
KL24,54.83,16,3,13
KL24,100,16,3,13
KL24,100,16,3,13
KL24,100,16,3,13
KL24,100,16,3,13
KL24,100,16,3,13
KL24,100,16,3,13
KL24,100,16,3,13
KL24,100,16,3,13
KL24,86.1,16,3,13
KL24,83.94,16,3,13
KL24,74.78,16,3,13
KL24,71.61,16,3,13
KL24,71.57,16,3,13
KL24,100,16,3,13
KL24,100,16,3,13
KL24,100,16,3,13
KL24,100,16,3,13
KL24,100,16,3,13
KL24,100,16,3,13
KL24,100,16,3,13
KL24,100,16,3,13
KL24,100,16,3,13
KL24,100,16,3,13
KL24,100,16,3,13
KL24,100,16,3,13
KL24,100,16,3,13
KL24,100,16,3,13
KL24,100,16,3,13
KL24,100,16,3,13
KL24,100,16,3,13
KL24,100,16,3,13
KL24,100,16,3,13
KL24,100,16,3,13
KL24,100,16,3,13
KL24,100,16,3,13
KL24,100,16,3,13
KL24,100,16,3,13
KL24,100,16,3,13
KL24,100,16,3,13
KL24,100,16,3,13
KL24,87.35,16,3,13
KL24,83.94,16,3,13
KL24,71.61,16,3,13
KL24,71.57,16,3,13
KL24,71.57,16,3,13
KL24,71.57,16,3,13
KL24,100,16,3,13
KL24,100,16,3,13
KL24,100,16,3,13
KL24,100,16,3,13
KL24,100,16,3,13
KL24,100,16,3,13
KL24,100,16,3,13
KL24,100,16,3,13
KL24,100,16,3,13
KL24,100,16,3,13
KL24,100,16,3,13
KL24,100,16,3,13
KL24,100,16,3,13
KL24,100,16,3,13
KL24,100,16,3,13
KL24,100,16,3,13
KL24,97.81,16,3,13
KL24,94.78,16,3,13
KL24,94.71,16,3,13
KL24,86.06,16,3,13
KL24,74.7,16,3,13
KL24,74.7,16,3,13
KL24,63.38,16,3,13
KL24,100,16,3,13
KL24,100,16,3,13
KL24,100,16,3,13
KL24,100,16,3,13
KL24,100,16,3,13
KL24,100,16,3,13
KL24,99.01,16,3,13
KL24,95.81,16,3,13
KL24,91.11,16,3,13
KL24,85.98,16,3,13
KL24,73,16,3,13
KL24,66.34,16,3,13
KL24,52.55,16,3,13
KL24,100,16,3,13
KL24,100,16,3,13
KL24,100,16,3,13
KL24,100,16,3,13
KL24,100,16,3,13
KL24,100,16,3,13
KL24,100,16,3,13
KL24,100,16,3,13
KL24,100,16,3,13
KL24,100,16,3,13
KL24,100,16,3,13
KL24,100,16,3,13
KL24,100,16,3,13
KL24,100,16,3,13
KL24,100,16,3,13
KL24,100,16,3,13
KL24,100,16,3,13
KL24,100,16,3,13
KL24,98.94,16,3,13
KL24,83.94,16,3,13
KL24,83.94,16,3,13
KL24,76.06,16,3,13
KL24,74.7,16,3,13
KL24,74.7,16,3,13
KL24,71.57,16,3,13
KL24,71.57,16,3,13
KL24,71.57,16,3,13
KL24,68.15,16,3,13
KL24,100,16,3,13
KL24,100,16,3,13
KL24,100,16,3,13
KL24,100,16,3,13
KL24,85.07,16,3,13
KL24,85.07,16,3,13
KL24,71.07,16,3,13
KL24,100,16,3,13
KL24,100,16,3,13
KL24,100,16,3,13
KL24,100,16,3,13
KL24,100,16,3,13
KL24,100,16,3,13
KL24,100,16,3,13
KL24,100,16,3,13
KL24,94.74,16,3,13
KL24,83.94,16,3,13
KL24,74.7,16,3,13
KL24,65.8,16,3,13
KL24,52.84,16,3,13
KL24,100,16,3,13
KL24,96.24,16,3,13
KL24,100,16,3,13
KL24,100,16,3,13
KL24,100,16,3,13
KL24,85.54,16,3,13
KL24,80.09,16,3,13
KL24,74.78,16,3,13
KL24,100,16,3,13
KL24,100,16,3,13
KL24,100,16,3,13
KL24,92.28,16,3,13
KL24,91.5,16,3,13
KL24,91.2,16,3,13
KL24,89.65,16,3,13
KL24,67.25,16,3,13
KL24,52.82,16,3,13
KL24,100,16,3,13
KL24,100,16,3,13
KL24,100,16,3,13
KL24,100,16,3,13
KL24,100,16,3,13
KL24,100,16,3,13
KL24,74.78,16,3,13
KL24,100,16,3,13
KL24,100,16,3,13
KL24,100,16,3,13
KL24,100,16,3,13
KL24,100,16,3,13
KL24,100,16,3,13
KL24,100,16,3,13
KL24,100,16,3,13
KL24,100,16,3,13
KL24,100,16,3,13
KL24,100,16,3,13
KL24,100,16,3,13
KL24,100,16,3,13
KL24,100,16,3,13
KL24,100,16,3,13
KL24,100,16,3,13
KL24,95.28,16,3,13
KL24,95.28,16,3,13
KL24,83.85,16,3,13
KL24,78.58,16,3,13
KL24,71.57,16,3,13
KL24,71.57,16,3,13
KL24,71.57,16,3,13
KL24,66.37,16,3,13
KL24,100,16,3,13
KL24,100,16,3,13
KL24,100,16,3,13
KL24,100,16,3,13
KL24,100,16,3,13
KL24,100,16,3,13
KL24,100,16,3,13
KL24,100,16,3,13
KL24,100,16,3,13
KL24,100,16,3,13
KL24,83.72,16,3,13
KL24,74.7,16,3,13
KL24,100,16,3,13
KL24,100,16,3,13
KL24,100,16,3,13
KL24,100,16,3,13
KL24,100,16,3,13
KL24,100,16,3,13
KL24,100,16,3,13
KL24,99.71,16,3,13
KL24,88.4,16,3,13
KL24,82.12,16,3,13
KL24,62.23,16,3,13
KL25,100,10,3,7
KL25,100,10,3,7
KL25,100,10,3,7
KL25,100,10,3,7
KL25,100,10,3,7
KL25,100,10,3,7
KL25,100,10,3,7
KL25,95.18,10,3,7
KL25,92.93,10,3,7
KL25,85.64,10,3,7
KL25,69.52,10,3,7
KL25,69.52,10,3,7
KL25,64.79,10,3,7
KL25,100,10,3,7
KL25,100,10,3,7
KL25,100,10,3,7
KL25,100,10,3,7
KL25,100,10,3,7
KL25,100,10,3,7
KL25,100,10,3,7
KL25,94.39,10,3,7
KL25,93.74,10,3,7
KL25,72.99,10,3,7
KL25,59.9,10,3,7
KL25,100,10,3,7
KL25,100,10,3,7
KL25,99.08,10,3,7
KL25,78.66,10,3,7
KL25,70.07,10,3,7
KL25,67.47,10,3,7
KL25,63.93,10,3,7
KL25,52.9,10,3,7
KL25,100,10,3,7
KL25,100,10,3,7
KL25,100,10,3,7
KL25,100,10,3,7
KL25,100,10,3,7
KL25,100,10,3,7
KL25,100,10,3,7
KL25,100,10,3,7
KL25,75.47,10,3,7
KL25,65.16,10,3,7
KL25,100,10,3,7
KL25,92.7,10,3,7
KL25,92.7,10,3,7
KL25,67.67,10,3,7
KL25,100,10,3,7
KL25,100,10,3,7
KL25,100,10,3,7
KL25,100,10,3,7
KL25,100,10,3,7
KL25,100,10,3,7
KL25,100,10,3,7
KL25,100,10,3,7
KL25,100,10,3,7
KL25,82.08,10,3,7
KL25,65.41,10,3,7
KL25,89.94,10,3,7
KL25,100,10,3,7
KL25,100,10,3,7
KL25,100,10,3,7
KL25,100,10,3,7
KL25,100,10,3,7
KL25,84.08,10,3,7
KL25,65.41,10,3,7
KL25,54.78,10,3,7
KL25,100,10,3,7
KL25,100,10,3,7
KL25,100,10,3,7
KL25,100,10,3,7
KL25,100,10,3,7
KL25,85.64,10,3,7
KL25,69.52,10,3,7
KL25,65.7,10,3,7
KL25,100,10,3,7
KL25,100,10,3,7
KL25,94.28,10,3,7
KL25,94.28,10,3,7
KL25,94.28,10,3,7
KL25,94.28,10,3,7
KL25,100,10,3,7
KL25,100,10,3,7
KL25,100,10,3,7
KL25,90.97,10,3,7
KL25,90.97,10,3,7
KL25,100,10,3,7
KL25,100,10,3,7
KL25,100,10,3,7
KL25,100,10,3,7
KL25,100,10,3,7
KL25,100,10,3,7
KL25,100,10,3,7
KL25,100,10,3,7
KL25,100,10,3,7
KL25,100,10,3,7
KL25,100,10,3,7
KL25,98.44,10,3,7
KL25,69.55,10,3,7
KL25,69.52,10,3,7
KL25,69.52,10,3,7
KL25,100,10,3,7
KL25,95.92,10,3,7
KL25,100,10,3,7
KL25,100,10,3,7
KL25,75.47,10,3,7
KL25,100,10,3,7
KL25,100,10,3,7
KL25,100,10,3,7
KL25,100,10,3,7
KL25,100,10,3,7
KL25,100,10,3,7
KL25,100,10,3,7
KL25,100,10,3,7
KL25,100,10,3,7
KL25,100,10,3,7
KL25,99.16,10,3,7
KL25,93.83,10,3,7
KL25,93.38,10,3,7
KL25,91.09,10,3,7
KL25,90.63,10,3,7
KL25,85.64,10,3,7
KL25,82.53,10,3,7
KL25,69.52,10,3,7
KL25,69.52,10,3,7
KL25,100,10,3,7
KL25,100,10,3,7
KL25,100,10,3,7
KL25,100,10,3,7
KL25,100,10,3,7
KL25,100,10,3,7
KL25,100,10,3,7
KL25,92.94,10,3,7
KL25,76.57,10,3,7
KL25,69.54,10,3,7
KL25,69.52,10,3,7
KL25,64.95,10,3,7
KL25,100,10,3,7
KL25,100,10,3,7
KL25,85.64,10,3,7
KL25,69.52,10,3,7
KL25,100,10,3,7
KL25,94.55,10,3,7
KL25,94.55,10,3,7
KL25,100,10,3,7
KL25,100,10,3,7
KL25,100,10,3,7
KL25,100,10,3,7
KL25,100,10,3,7
KL25,100,10,3,7
KL25,69.55,10,3,7
KL25,69.52,10,3,7
KL25,100,10,3,7
KL25,100,10,3,7
KL25,72.23,10,3,7
KL25,91.01,10,3,7
KL25,94.28,10,3,7
KL25,94.28,10,3,7
KL25,100,10,3,7
KL25,100,10,3,7
KL25,100,10,3,7
KL25,99.08,10,3,7
KL25,100,10,3,7
KL25,100,10,3,7
KL25,100,10,3,7
KL25,100,10,3,7
KL25,100,10,3,7
KL25,100,10,3,7
KL25,100,10,3,7
KL25,100,10,3,7
KL25,100,10,3,7
KL25,100,10,3,7
KL25,100,10,3,7
KL25,100,10,3,7
KL25,100,10,3,7
KL25,100,10,3,7
KL25,85.64,10,3,7
KL25,69.52,10,3,7
KL25,69.52,10,3,7
KL25,100,10,3,7
KL25,100,10,3,7
KL25,91.87,10,3,7
KL25,100,10,3,7
KL25,94.28,10,3,7
KL25,94.28,10,3,7
KL25,94.28,10,3,7
KL25,94.28,10,3,7
KL28,100,11,4,7
KL28,100,11,4,7
KL28,100,11,4,7
KL28,100,11,4,7
KL28,100,11,4,7
KL28,98.8,11,4,7
KL28,85.31,11,4,7
KL28,72.74,11,4,7
KL28,71.06,11,4,7
KL28,62.06,11,4,7
KL28,61.74,11,4,7
KL28,51.17,11,4,7
KL28,100,11,4,7
KL28,100,11,4,7
KL28,100,11,4,7
KL28,100,11,4,7
KL28,99.27,11,4,7
KL28,93.19,11,4,7
KL28,78.69,11,4,7
KL28,77.88,11,4,7
KL28,63.13,11,4,7
KL28,52.75,11,4,7
KL28,100,11,4,7
KL28,100,11,4,7
KL28,76.06,11,4,7
KL28,100,11,4,7
KL28,100,11,4,7
KL28,100,11,4,7
KL28,100,11,4,7
KL28,100,11,4,7
KL28,99.11,11,4,7
KL28,94.86,11,4,7
KL28,91.04,11,4,7
KL28,56.85,11,4,7
KL28,100,11,4,7
KL28,100,11,4,7
KL28,100,11,4,7
KL28,100,11,4,7
KL28,96.48,11,4,7
KL28,90.23,11,4,7
KL28,81.78,11,4,7
KL28,81.74,11,4,7
KL28,78.35,11,4,7
KL28,77.16,11,4,7
KL28,77.15,11,4,7
KL28,68.06,11,4,7
KL28,62.55,11,4,7
KL28,100,11,4,7
KL28,100,11,4,7
KL28,100,11,4,7
KL28,100,11,4,7
KL28,100,11,4,7
KL28,100,11,4,7
KL28,100,11,4,7
KL28,93.24,11,4,7
KL28,82,11,4,7
KL28,78.3,11,4,7
KL28,73.07,11,4,7
KL28,72.51,11,4,7
KL28,69.65,11,4,7
KL28,60.05,11,4,7
KL28,53.92,11,4,7
KL28,99.2,11,4,7
KL28,100,11,4,7
KL28,100,11,4,7
KL28,100,11,4,7
KL28,100,11,4,7
KL28,100,11,4,7
KL28,100,11,4,7
KL28,100,11,4,7
KL28,100,11,4,7
KL28,100,11,4,7
KL28,100,11,4,7
KL28,100,11,4,7
KL28,100,11,4,7
KL28,100,11,4,7
KL28,100,11,4,7
KL28,100,11,4,7
KL28,88.91,11,4,7
KL28,84.98,11,4,7
KL28,100,11,4,7
KL28,78.33,11,4,7
KL28,100,11,4,7
KL28,100,11,4,7
KL28,100,11,4,7
KL28,94.64,11,4,7
KL28,66.39,11,4,7
KL28,100,11,4,7
KL28,100,11,4,7
KL28,100,11,4,7
KL28,100,11,4,7
KL28,100,11,4,7
KL28,100,11,4,7
KL28,100,11,4,7
KL28,100,11,4,7
KL28,100,11,4,7
KL28,100,11,4,7
KL28,100,11,4,7
KL28,99.7,11,4,7
KL28,92.91,11,4,7
KL28,92.68,11,4,7
KL28,91.28,11,4,7
KL28,91.19,11,4,7
KL28,85.31,11,4,7
KL28,80.95,11,4,7
KL28,77.88,11,4,7
KL28,72.74,11,4,7
KL28,71.06,11,4,7
KL28,70.46,11,4,7
KL28,66.53,11,4,7
KL28,60.2,11,4,7
KL28,51.21,11,4,7
KL28,50.87,11,4,7
KL28,100,11,4,7
KL28,100,11,4,7
KL28,100,11,4,7
KL28,100,11,4,7
KL28,100,11,4,7
KL28,100,11,4,7
KL28,99.11,11,4,7
KL28,64.93,11,4,7
KL28,50.83,11,4,7
KL28,100,11,4,7
KL28,100,11,4,7
KL28,100,11,4,7
KL28,100,11,4,7
KL28,100,11,4,7
KL28,100,11,4,7
KL28,99.29,11,4,7
KL28,84.89,11,4,7
KL28,100,11,4,7
KL28,100,11,4,7
KL28,100,11,4,7
KL28,100,11,4,7
KL28,100,11,4,7
KL28,98.81,11,4,7
KL28,90.24,11,4,7
KL28,76.69,11,4,7
KL28,70.05,11,4,7
KL28,100,11,4,7
KL28,100,11,4,7
KL28,95.51,11,4,7
KL28,80.1,11,4,7
KL28,100,11,4,7
KL28,100,11,4,7
KL28,96.51,11,4,7
KL28,63.46,11,4,7
KL3,100,12,0,12
KL3,100,12,0,12
KL3,100,12,0,12
KL3,100,12,0,12
KL3,100,12,0,12
KL3,100,12,0,12
KL3,100,12,0,12
KL3,100,12,0,12
KL3,100,12,0,12
KL3,99.45,12,0,12
KL3,91.52,12,0,12
KL3,83.19,12,0,12
KL3,100,12,0,12
KL3,100,12,0,12
KL3,100,12,0,12
KL3,100,12,0,12
KL3,100,12,0,12
KL3,100,12,0,12
KL3,100,12,0,12
KL3,100,12,0,12
KL3,100,12,0,12
KL3,100,12,0,12
KL3,100,12,0,12
KL3,100,12,0,12
KL3,100,12,0,12
KL3,100,12,0,12
KL3,100,12,0,12
KL3,100,12,0,12
KL3,100,12,0,12
KL3,100,12,0,12
KL3,100,12,0,12
KL3,80.11,12,0,12
KL3,80.11,12,0,12
KL3,80.09,12,0,12
KL3,80.08,12,0,12
KL3,76.1,12,0,12
KL3,76.1,12,0,12
KL3,75.55,12,0,12
KL3,74.27,12,0,12
KL3,69.77,12,0,12
KL3,67.1,12,0,12
KL3,62,12,0,12
KL3,61.99,12,0,12
KL3,61.98,12,0,12
KL3,100,12,0,12
KL3,100,12,0,12
KL3,100,12,0,12
KL3,100,12,0,12
KL3,100,12,0,12
KL3,100,12,0,12
KL3,100,12,0,12
KL3,100,12,0,12
KL3,100,12,0,12
KL3,100,12,0,12
KL3,100,12,0,12
KL3,100,12,0,12
KL3,100,12,0,12
KL3,100,12,0,12
KL3,100,12,0,12
KL3,100,12,0,12
KL3,100,12,0,12
KL3,99.07,12,0,12
KL3,97.01,12,0,12
KL3,80.13,12,0,12
KL3,80.12,12,0,12
KL3,80.11,12,0,12
KL3,78.41,12,0,12
KL3,76.1,12,0,12
KL3,76.1,12,0,12
KL3,61.98,12,0,12
KL3,61.98,12,0,12
KL3,61.98,12,0,12
KL3,58.54,12,0,12
KL3,55.02,12,0,12
KL3,79.47,12,0,12
KL3,79.46,12,0,12
KL3,100,12,0,12
KL3,100,12,0,12
KL3,100,12,0,12
KL3,100,12,0,12
KL3,100,12,0,12
KL3,100,12,0,12
KL3,100,12,0,12
KL3,80.08,12,0,12
KL3,55.15,12,0,12
KL3,100,12,0,12
KL3,100,12,0,12
KL3,100,12,0,12
KL3,100,12,0,12
KL3,100,12,0,12
KL3,100,12,0,12
KL3,100,12,0,12
KL3,97.94,12,0,12
KL3,81.72,12,0,12
KL3,55.24,12,0,12
KL3,100,12,0,12
KL3,100,12,0,12
KL3,100,12,0,12
KL3,100,12,0,12
KL3,100,12,0,12
KL3,100,12,0,12
KL3,100,12,0,12
KL3,100,12,0,12
KL3,100,12,0,12
KL3,100,12,0,12
KL3,99.07,12,0,12
KL3,80.12,12,0,12
KL3,80.08,12,0,12
KL3,78.45,12,0,12
KL3,76.1,12,0,12
KL3,61.98,12,0,12
KL3,61.98,12,0,12
KL3,55.15,12,0,12
KL3,79.46,12,0,12
KL3,100,12,0,12
KL3,100,12,0,12
KL3,100,12,0,12
KL3,100,12,0,12
KL3,100,12,0,12
KL3,97.48,12,0,12
KL3,93.62,12,0,12
KL3,91.31,12,0,12
KL3,87.8,12,0,12
KL3,74.43,12,0,12
KL3,71.01,12,0,12
KL3,53.04,12,0,12
KL3,80.36,12,0,12
KL3,100,12,0,12
KL3,100,12,0,12
KL3,100,12,0,12
KL3,100,12,0,12
KL3,100,12,0,12
KL3,100,12,0,12
KL3,100,12,0,12
KL3,100,12,0,12
KL3,100,12,0,12
KL3,100,12,0,12
KL3,100,12,0,12
KL3,100,12,0,12
KL3,100,12,0,12
KL3,100,12,0,12
KL3,100,12,0,12
KL3,96.49,12,0,12
KL3,95.74,12,0,12
KL3,80.13,12,0,12
KL3,80.12,12,0,12
KL3,80.11,12,0,12
KL3,76.1,12,0,12
KL3,75.43,12,0,12
KL3,61.98,12,0,12
KL3,61.98,12,0,12
KL3,60.14,12,0,12
KL3,55.07,12,0,12
KL3,100,12,0,12
KL3,100,12,0,12
KL3,100,12,0,12
KL3,100,12,0,12
KL3,100,12,0,12
KL3,100,12,0,12
KL3,100,12,0,12
KL3,100,12,0,12
KL3,100,12,0,12
KL3,100,12,0,12
KL3,80.27,12,0,12
KL3,76.11,12,0,12
KL3,55.12,12,0,12
KL3,100,12,0,12
KL3,100,12,0,12
KL3,65.43,12,0,12
KL3,100,12,0,12
KL3,100,12,0,12
KL3,99.44,12,0,12
KL3,86.94,12,0,12
KL3,70.1,12,0,12
KL3,100,12,0,12
KL3,100,12,0,12
KL3,100,12,0,12
KL3,100,12,0,12
KL3,100,12,0,12
KL3,81.75,12,0,12
KL3,80.11,12,0,12
KL3,76.1,12,0,12
KL3,62.27,12,0,12
KL3,61.98,12,0,12
KL3,51.64,12,0,12
KL3,100,12,0,12
KL3,100,12,0,12
KL3,100,12,0,12
KL3,100,12,0,12
KL3,100,12,0,12
KL3,94.24,12,0,12
KL3,93.62,12,0,12
KL3,91.52,12,0,12
KL3,77.99,12,0,12
KL3,74.75,12,0,12
KL3,100,12,0,12
KL3,100,12,0,12
KL3,100,12,0,12
KL3,96.33,12,0,12
KL3,81.73,12,0,12
KL3,98.17,12,0,12
KL3,96.18,12,0,12
KL3,100,12,0,12
KL3,100,12,0,12
KL3,100,12,0,12
KL3,100,12,0,12
KL3,100,12,0,12
KL3,100,12,0,12
KL3,100,12,0,12
KL3,100,12,0,12
KL3,100,12,0,12
KL3,94.71,12,0,12
KL3,83.54,12,0,12
KL3,51.25,12,0,12
KL3,100,12,0,12
KL3,100,12,0,12
KL3,100,12,0,12
KL3,100,12,0,12
KL3,100,12,0,12
KL3,100,12,0,12
KL3,100,12,0,12
KL3,100,12,0,12
KL3,100,12,0,12
KL3,100,12,0,12
KL3,100,12,0,12
KL3,100,12,0,12
KL3,100,12,0,12
KL3,100,12,0,12
KL3,100,12,0,12
KL3,100,12,0,12
KL3,97.01,12,0,12
KL3,80.12,12,0,12
KL3,80.12,12,0,12
KL3,80.1,12,0,12
KL3,77.99,12,0,12
KL3,76.12,12,0,12
KL3,76.1,12,0,12
KL3,74.43,12,0,12
KL3,66.33,12,0,12
KL3,65.4,12,0,12
KL3,55.15,12,0,12
KL3,79.46,12,0,12
KL3,100,12,0,12
KL3,100,12,0,12
KL3,100,12,0,12
KL3,100,12,0,12
KL3,100,12,0,12
KL3,100,12,0,12
KL3,100,12,0,12
KL3,100,12,0,12
KL3,100,12,0,12
KL3,100,12,0,12
KL3,80.22,12,0,12
KL3,80.12,12,0,12
KL3,80.08,12,0,12
KL3,76.11,12,0,12
KL3,75.46,12,0,12
KL3,62.01,12,0,12
KL3,61.98,12,0,12
KL3,54.51,12,0,12
KL3,79.46,12,0,12
KL3,100,12,0,12
KL3,100,12,0,12
KL3,100,12,0,12
KL30,100,24,1,23
KL30,100,24,1,23
KL30,100,24,1,23
KL30,90.97,24,1,23
KL30,100,24,1,23
KL30,100,24,1,23
KL30,100,24,1,23
KL30,76.07,24,1,23
KL30,69.7,24,1,23
KL30,55.82,24,1,23
KL30,100,24,1,23
KL30,94.84,24,1,23
KL30,94.11,24,1,23
KL30,71.5,24,1,23
KL30,100,24,1,23
KL30,100,24,1,23
KL30,100,24,1,23
KL30,100,24,1,23
KL30,100,24,1,23
KL30,100,24,1,23
KL30,100,24,1,23
KL30,94.84,24,1,23
KL30,89.7,24,1,23
KL30,77.92,24,1,23
KL30,100,24,1,23
KL30,97.71,24,1,23
KL30,55.94,24,1,23
KL30,100,24,1,23
KL30,100,24,1,23
KL30,100,24,1,23
KL30,100,24,1,23
KL30,100,24,1,23
KL30,95.17,24,1,23
KL30,94.84,24,1,23
KL30,90.8,24,1,23
KL30,100,24,1,23
KL30,100,24,1,23
KL30,100,24,1,23
KL30,100,24,1,23
KL30,100,24,1,23
KL30,100,24,1,23
KL30,100,24,1,23
KL30,100,24,1,23
KL30,99.63,24,1,23
KL30,95.17,24,1,23
KL30,85.3,24,1,23
KL30,83.16,24,1,23
KL30,79.03,24,1,23
KL30,77.15,24,1,23
KL30,100,24,1,23
KL30,91.39,24,1,23
KL30,100,24,1,23
KL30,100,24,1,23
KL30,100,24,1,23
KL30,100,24,1,23
KL30,100,24,1,23
KL30,86.16,24,1,23
KL30,84.67,24,1,23
KL30,100,24,1,23
KL30,100,24,1,23
KL30,100,24,1,23
KL30,94.85,24,1,23
KL30,94.84,24,1,23
KL30,100,24,1,23
KL30,56.13,24,1,23
KL30,100,24,1,23
KL30,100,24,1,23
KL30,100,24,1,23
KL30,100,24,1,23
KL30,100,24,1,23
KL30,100,24,1,23
KL30,71.1,24,1,23
KL30,70.06,24,1,23
KL30,55.65,24,1,23
KL30,54.84,24,1,23
KL30,60.1,24,1,23
KL30,100,24,1,23
KL30,100,24,1,23
KL30,100,24,1,23
KL30,100,24,1,23
KL30,100,24,1,23
KL30,100,24,1,23
KL30,100,24,1,23
KL30,100,24,1,23
KL30,100,24,1,23
KL30,100,24,1,23
KL30,55.71,24,1,23
KL30,100,24,1,23
KL30,100,24,1,23
KL30,91.81,24,1,23
KL30,89.31,24,1,23
KL30,85,24,1,23
KL30,100,24,1,23
KL30,100,24,1,23
KL30,100,24,1,23
KL30,100,24,1,23
KL30,100,24,1,23
KL30,100,24,1,23
KL30,100,24,1,23
KL30,98.46,24,1,23
KL30,95.36,24,1,23
KL30,92.82,24,1,23
KL30,88.86,24,1,23
KL30,78.9,24,1,23
KL30,69.7,24,1,23
KL30,65.51,24,1,23
KL30,55.83,24,1,23
KL30,100,24,1,23
KL30,72,24,1,23
KL30,91.39,24,1,23
KL30,100,24,1,23
KL30,100,24,1,23
KL30,100,24,1,23
KL30,100,24,1,23
KL30,100,24,1,23
KL30,100,24,1,23
KL30,99.67,24,1,23
KL30,96.94,24,1,23
KL30,83.18,24,1,23
KL30,75.16,24,1,23
KL30,66.87,24,1,23
KL30,83.67,24,1,23
KL30,72.05,24,1,23
KL30,100,24,1,23
KL30,100,24,1,23
KL30,100,24,1,23
KL30,100,24,1,23
KL30,96.17,24,1,23
KL30,94.84,24,1,23
KL30,85.85,24,1,23
KL30,71.65,24,1,23
KL30,64.66,24,1,23
KL30,51.74,24,1,23
KL30,100,24,1,23
KL30,100,24,1,23
KL30,100,24,1,23
KL30,100,24,1,23
KL30,100,24,1,23
KL30,100,24,1,23
KL30,100,24,1,23
KL30,100,24,1,23
KL30,98.7,24,1,23
KL30,97.98,24,1,23
KL30,94.84,24,1,23
KL30,94.84,24,1,23
KL30,94.84,24,1,23
KL30,94.16,24,1,23
KL30,93.14,24,1,23
KL30,86.11,24,1,23
KL30,85.3,24,1,23
KL30,83.16,24,1,23
KL30,76.23,24,1,23
KL30,100,24,1,23
KL30,100,24,1,23
KL30,100,24,1,23
KL30,56.13,24,1,23
KL30,55.94,24,1,23
KL30,55.94,24,1,23
KL30,100,24,1,23
KL30,100,24,1,23
KL30,100,24,1,23
KL30,100,24,1,23
KL30,100,24,1,23
KL30,98.9,24,1,23
KL30,95.17,24,1,23
KL30,95.15,24,1,23
KL30,94.84,24,1,23
KL30,74.64,24,1,23
KL30,100,24,1,23
KL30,100,24,1,23
KL30,100,24,1,23
KL30,56.13,24,1,23
KL30,93.3,24,1,23
KL30,100,24,1,23
KL30,100,24,1,23
KL30,100,24,1,23
KL30,100,24,1,23
KL30,100,24,1,23
KL30,100,24,1,23
KL30,100,24,1,23
KL30,100,24,1,23
KL30,100,24,1,23
KL30,100,24,1,23
KL30,100,24,1,23
KL30,100,24,1,23
KL30,100,24,1,23
KL30,100,24,1,23
KL30,99.01,24,1,23
KL30,97.91,24,1,23
KL30,96.25,24,1,23
KL30,94.84,24,1,23
KL30,94.84,24,1,23
KL30,86.32,24,1,23
KL30,84.95,24,1,23
KL30,80.22,24,1,23
KL30,79.75,24,1,23
KL30,75.91,24,1,23
KL30,71.1,24,1,23
KL30,66.25,24,1,23
KL30,57.58,24,1,23
KL30,100,24,1,23
KL30,100,24,1,23
KL30,100,24,1,23
KL30,55.94,24,1,23
KL30,72.05,24,1,23
KL30,100,24,1,23
KL30,100,24,1,23
KL30,95.66,24,1,23
KL30,100,24,1,23
KL30,100,24,1,23
KL30,100,24,1,23
KL30,100,24,1,23
KL30,100,24,1,23
KL30,100,24,1,23
KL30,100,24,1,23
KL30,100,24,1,23
KL30,100,24,1,23
KL30,100,24,1,23
KL30,100,24,1,23
KL30,100,24,1,23
KL30,100,24,1,23
KL30,100,24,1,23
KL30,99.9,24,1,23
KL30,94.84,24,1,23
KL30,84.06,24,1,23
KL30,71.1,24,1,23
KL30,69.7,24,1,23
KL30,69.7,24,1,23
KL30,54.85,24,1,23
KL30,100,24,1,23
KL30,100,24,1,23
KL30,100,24,1,23
KL30,91.39,24,1,23
KL30,100,24,1,23
KL30,79.93,24,1,23
KL30,51.45,24,1,23
KL30,100,24,1,23
KL30,100,24,1,23
KL30,98.09,24,1,23
KL30,83.11,24,1,23
KL30,100,24,1,23
KL30,100,24,1,23
KL30,100,24,1,23
KL30,100,24,1,23
KL30,100,24,1,23
KL35,100,15,0,15
KL35,100,15,0,15
KL35,79.97,15,0,15
KL35,56.92,15,0,15
KL35,100,15,0,15
KL35,100,15,0,15
KL35,56.92,15,0,15
KL35,90.51,15,0,15
KL35,100,15,0,15
KL35,100,15,0,15
KL35,100,15,0,15
KL35,100,15,0,15
KL35,100,15,0,15
KL35,100,15,0,15
KL35,90.49,15,0,15
KL35,53.83,15,0,15
KL35,100,15,0,15
KL35,100,15,0,15
KL35,100,15,0,15
KL35,100,15,0,15
KL35,79.91,15,0,15
KL35,74.71,15,0,15
KL35,67.3,15,0,15
KL35,100,15,0,15
KL35,100,15,0,15
KL35,100,15,0,15
KL35,100,15,0,15
KL35,100,15,0,15
KL35,100,15,0,15
KL35,100,15,0,15
KL35,100,15,0,15
KL35,100,15,0,15
KL35,100,15,0,15
KL35,100,15,0,15
KL35,100,15,0,15
KL35,100,15,0,15
KL35,100,15,0,15
KL35,100,15,0,15
KL35,100,15,0,15
KL35,100,15,0,15
KL35,100,15,0,15
KL35,100,15,0,15
KL35,87.94,15,0,15
KL35,52.58,15,0,15
KL35,100,15,0,15
KL35,100,15,0,15
KL35,100,15,0,15
KL35,100,15,0,15
KL35,100,15,0,15
KL35,100,15,0,15
KL35,100,15,0,15
KL35,72.16,15,0,15
KL35,100,15,0,15
KL35,100,15,0,15
KL35,100,15,0,15
KL35,100,15,0,15
KL35,87.7,15,0,15
KL35,100,15,0,15
KL35,100,15,0,15
KL35,100,15,0,15
KL35,100,15,0,15
KL35,100,15,0,15
KL35,91.06,15,0,15
KL35,79.91,15,0,15
KL35,67.3,15,0,15
KL35,100,15,0,15
KL35,100,15,0,15
KL35,100,15,0,15
KL35,100,15,0,15
KL35,92.12,15,0,15
KL35,65.43,15,0,15
KL35,56.52,15,0,15
KL35,100,15,0,15
KL35,100,15,0,15
KL35,100,15,0,15
KL35,100,15,0,15
KL35,100,15,0,15
KL35,100,15,0,15
KL35,100,15,0,15
KL38,100,11,2,9
KL38,100,11,2,9
KL38,100,11,2,9
KL38,89.28,11,2,9
KL38,100,11,2,9
KL38,100,11,2,9
KL38,100,11,2,9
KL38,100,11,2,9
KL38,100,11,2,9
KL38,81.08,11,2,9
KL38,65.35,11,2,9
KL38,62.72,11,2,9
KL38,54.34,11,2,9
KL38,100,11,2,9
KL38,88.16,11,2,9
KL38,100,11,2,9
KL38,96.06,11,2,9
KL38,89.97,11,2,9
KL38,100,11,2,9
KL38,77.44,11,2,9
KL38,100,11,2,9
KL38,90.62,11,2,9
KL38,77.21,11,2,9
KL38,100,11,2,9
KL38,100,11,2,9
KL38,71.1,11,2,9
KL38,64.83,11,2,9
KL38,100,11,2,9
KL38,100,11,2,9
KL38,100,11,2,9
KL38,100,11,2,9
KL38,97.15,11,2,9
KL38,95.91,11,2,9
KL38,88.97,11,2,9
KL38,100,11,2,9
KL38,100,11,2,9
KL38,68.25,11,2,9
KL38,100,11,2,9
KL38,91.99,11,2,9
KL38,86.45,11,2,9
KL38,68.38,11,2,9
KL38,60.64,11,2,9
KL38,56.25,11,2,9
KL38,100,11,2,9
KL38,100,11,2,9
KL38,100,11,2,9
KL38,100,11,2,9
KL38,73.07,11,2,9
KL38,100,11,2,9
KL38,95.37,11,2,9
KL38,90.19,11,2,9
KL38,74.79,11,2,9
KL38,100,11,2,9
KL38,100,11,2,9
KL38,100,11,2,9
KL38,100,11,2,9
KL38,100,11,2,9
KL38,100,11,2,9
KL38,91.64,11,2,9
KL38,90.81,11,2,9
KL38,57.31,11,2,9
KL38,100,11,2,9
KL38,69.82,11,2,9
KL38,100,11,2,9
KL38,88.92,11,2,9
KL38,69.82,11,2,9
KL38,100,11,2,9
KL38,100,11,2,9
KL38,67.56,11,2,9
KL38,59.26,11,2,9
KL38,53.5,11,2,9
KL38,53.5,11,2,9
KL38,100,11,2,9
KL38,100,11,2,9
KL38,100,11,2,9
KL38,100,11,2,9
KL38,100,11,2,9
KL38,83.46,11,2,9
KL38,69.42,11,2,9
KL38,68.44,11,2,9
KL38,95.06,11,2,9
KL38,95.06,11,2,9
KL38,59.06,11,2,9
KL38,100,11,2,9
KL39,100,13,2,11
KL39,100,13,2,11
KL39,100,13,2,11
KL39,87.59,13,2,11
KL39,64.93,13,2,11
KL39,100,13,2,11
KL39,100,13,2,11
KL39,95.66,13,2,11
KL39,74.7,13,2,11
KL39,100,13,2,11
KL39,100,13,2,11
KL39,100,13,2,11
KL39,100,13,2,11
KL39,100,13,2,11
KL39,100,13,2,11
KL39,80.76,13,2,11
KL39,73.65,13,2,11
KL39,72.13,13,2,11
KL39,70.55,13,2,11
KL39,100,13,2,11
KL39,100,13,2,11
KL39,100,13,2,11
KL39,100,13,2,11
KL39,100,13,2,11
KL39,100,13,2,11
KL39,80.76,13,2,11
KL39,70.55,13,2,11
KL39,100,13,2,11
KL39,100,13,2,11
KL39,100,13,2,11
KL39,100,13,2,11
KL39,100,13,2,11
KL39,100,13,2,11
KL39,100,13,2,11
KL39,100,13,2,11
KL39,100,13,2,11
KL39,100,13,2,11
KL39,100,13,2,11
KL39,100,13,2,11
KL39,100,13,2,11
KL39,100,13,2,11
KL39,100,13,2,11
KL39,100,13,2,11
KL39,100,13,2,11
KL39,100,13,2,11
KL39,100,13,2,11
KL39,100,13,2,11
KL39,100,13,2,11
KL39,100,13,2,11
KL39,100,13,2,11
KL39,100,13,2,11
KL39,100,13,2,11
KL39,100,13,2,11
KL39,100,13,2,11
KL39,100,13,2,11
KL39,100,13,2,11
KL39,100,13,2,11
KL39,88.18,13,2,11
KL39,100,13,2,11
KL39,100,13,2,11
KL39,89.79,13,2,11
KL39,81.81,13,2,11
KL39,100,13,2,11
KL39,100,13,2,11
KL39,100,13,2,11
KL39,90.28,13,2,11
KL39,100,13,2,11
KL39,87.59,13,2,11
KL39,64.93,13,2,11
KL39,55.43,13,2,11
KL39,100,13,2,11
KL39,100,13,2,11
KL39,61.96,13,2,11
KL39,100,13,2,11
KL39,100,13,2,11
KL39,100,13,2,11
KL39,100,13,2,11
KL39,100,13,2,11
KL39,100,13,2,11
KL39,100,13,2,11
KL39,80.49,13,2,11
KL39,95.87,13,2,11
KL39,100,13,2,11
KL39,100,13,2,11
KL39,100,13,2,11
KL47,100,13,1,12
KL47,100,13,1,12
KL47,100,13,1,12
KL47,100,13,1,12
KL47,100,13,1,12
KL47,100,13,1,12
KL47,100,13,1,12
KL47,69.7,13,1,12
KL47,69.7,13,1,12
KL47,100,13,1,12
KL47,100,13,1,12
KL47,85.1,13,1,12
KL47,100,13,1,12
KL47,100,13,1,12
KL47,65.56,13,1,12
KL47,100,13,1,12
KL47,100,13,1,12
KL47,100,13,1,12
KL47,100,13,1,12
KL47,100,13,1,12
KL47,100,13,1,12
KL47,100,13,1,12
KL47,100,13,1,12
KL47,100,13,1,12
KL47,68.44,13,1,12
KL47,60.66,13,1,12
KL47,100,13,1,12
KL47,100,13,1,12
KL47,100,13,1,12
KL47,100,13,1,12
KL47,85.42,13,1,12
KL47,65.3,13,1,12
KL47,100,13,1,12
KL47,98.64,13,1,12
KL48,100,10,0,10
KL48,100,10,0,10
KL48,100,10,0,10
KL48,100,10,0,10
KL48,100,10,0,10
KL48,55.61,10,0,10
KL48,100,10,0,10
KL48,100,10,0,10
KL48,100,10,0,10
KL48,100,10,0,10
KL48,100,10,0,10
KL48,99.35,10,0,10
KL48,93.76,10,0,10
KL48,100,10,0,10
KL48,100,10,0,10
KL48,100,10,0,10
KL48,66.14,10,0,10
KL48,100,10,0,10
KL48,100,10,0,10
KL48,97.66,10,0,10
KL48,86.88,10,0,10
KL48,100,10,0,10
KL48,93.13,10,0,10
KL48,100,10,0,10
KL48,100,10,0,10
KL48,75.79,10,0,10
KL48,75.3,10,0,10
KL48,100,10,0,10
KL48,100,10,0,10
KL48,100,10,0,10
KL48,100,10,0,10
KL48,100,10,0,10
KL48,94.27,10,0,10
KL48,92.75,10,0,10
KL48,92.75,10,0,10
KL48,88.13,10,0,10
KL48,71.97,10,0,10
KL48,100,10,0,10
KL48,100,10,0,10
KL48,100,10,0,10
KL48,100,10,0,10
KL48,100,10,0,10
KL48,100,10,0,10
KL48,100,10,0,10
KL55,100,17,1,16
KL55,99.47,17,1,16
KL55,100,17,1,16
KL55,100,17,1,16
KL55,100,17,1,16
KL55,100,17,1,16
KL55,100,17,1,16
KL55,100,17,1,16
KL55,100,17,1,16
KL55,86.34,17,1,16
KL55,80.81,17,1,16
KL55,79.7,17,1,16
KL55,100,17,1,16
KL55,100,17,1,16
KL55,100,17,1,16
KL55,100,17,1,16
KL55,100,17,1,16
KL55,97.76,17,1,16
KL55,83.15,17,1,16
KL55,100,17,1,16
KL55,100,17,1,16
KL55,100,17,1,16
KL55,100,17,1,16
KL55,90.08,17,1,16
KL55,89.46,17,1,16
KL55,58.2,17,1,16
KL55,100,17,1,16
KL55,100,17,1,16
KL55,97.26,17,1,16
KL55,100,17,1,16
KL55,100,17,1,16
KL55,100,17,1,16
KL55,100,17,1,16
KL55,100,17,1,16
KL55,100,17,1,16
KL55,100,17,1,16
KL55,100,17,1,16
KL55,100,17,1,16
KL55,79.01,17,1,16
KL55,65.33,17,1,16
KL55,100,17,1,16
KL55,100,17,1,16
KL55,100,17,1,16
KL55,100,17,1,16
KL55,75.04,17,1,16
KL55,70.1,17,1,16
KL55,100,17,1,16
KL55,100,17,1,16
KL55,97.7,17,1,16
KL55,100,17,1,16
KL55,100,17,1,16
KL55,100,17,1,16
KL55,100,17,1,16
KL55,100,17,1,16
KL55,100,17,1,16
KL55,100,17,1,16
KL55,100,17,1,16
KL55,100,17,1,16
KL55,100,17,1,16
KL55,100,17,1,16
KL55,100,17,1,16
KL55,100,17,1,16
KL55,98.59,17,1,16
KL55,100,17,1,16
KL55,100,17,1,16
KL55,100,17,1,16
KL55,100,17,1,16
KL55,90.35,17,1,16
KL55,90.06,17,1,16
KL55,87.97,17,1,16
KL55,83.26,17,1,16
KL55,70.65,17,1,16
KL55,97.26,17,1,16
KL55,100,17,1,16
KL55,100,17,1,16
KL55,100,17,1,16
KL55,100,17,1,16
KL55,100,17,1,16
KL55,65.28,17,1,16
KL57,100,11,1,10
KL57,100,11,1,10
KL57,100,11,1,10
KL57,100,11,1,10
KL57,100,11,1,10
KL57,100,11,1,10
KL57,100,11,1,10
KL57,99.52,11,1,10
KL57,98.41,11,1,10
KL57,91.71,11,1,10
KL57,67.27,11,1,10
KL57,59.12,11,1,10
KL57,100,11,1,10
KL57,100,11,1,10
KL57,100,11,1,10
KL57,100,11,1,10
KL57,100,11,1,10
KL57,100,11,1,10
KL57,100,11,1,10
KL57,100,11,1,10
KL57,100,11,1,10
KL57,89.75,11,1,10
KL57,71.64,11,1,10
KL57,71.37,11,1,10
KL57,100,11,1,10
KL57,50.66,11,1,10
KL57,100,11,1,10
KL57,100,11,1,10
KL57,100,11,1,10
KL57,100,11,1,10
KL57,100,11,1,10
KL57,65.38,11,1,10
KL57,100,11,1,10
KL57,100,11,1,10
KL57,100,11,1,10
KL57,68.49,11,1,10
KL57,100,11,1,10
KL57,100,11,1,10
KL6,100,18,1,17
KL6,100,18,1,17
KL6,100,18,1,17
KL6,69.13,18,1,17
KL6,100,18,1,17
KL6,100,18,1,17
KL6,100,18,1,17
KL6,100,18,1,17
KL6,100,18,1,17
KL6,100,18,1,17
KL6,100,18,1,17
KL6,100,18,1,17
KL6,100,18,1,17
KL6,100,18,1,17
KL6,100,18,1,17
KL6,100,18,1,17
KL6,100,18,1,17
KL6,100,18,1,17
KL6,100,18,1,17
KL6,100,18,1,17
KL6,100,18,1,17
KL6,100,18,1,17
KL6,100,18,1,17
KL6,100,18,1,17
KL6,100,18,1,17
KL6,100,18,1,17
KL6,100,18,1,17
KL6,84.67,18,1,17
KL6,69.75,18,1,17
KL6,65.41,18,1,17
KL6,100,18,1,17
KL6,100,18,1,17
KL6,99.79,18,1,17
KL6,51.54,18,1,17
KL6,100,18,1,17
KL6,63.46,18,1,17
KL6,57.32,18,1,17
KL6,100,18,1,17
KL6,100,18,1,17
KL6,100,18,1,17
KL6,100,18,1,17
KL6,100,18,1,17
KL6,94.65,18,1,17
KL6,86.47,18,1,17
KL6,71.9,18,1,17
KL6,100,18,1,17
KL6,100,18,1,17
KL6,100,18,1,17
KL6,100,18,1,17
KL6,100,18,1,17
KL6,85.33,18,1,17
KL6,70.16,18,1,17
KL6,70.16,18,1,17
KL6,57.27,18,1,17
KL6,55.78,18,1,17
KL6,100,18,1,17
KL6,100,18,1,17
KL6,100,18,1,17
KL6,100,18,1,17
KL6,100,18,1,17
KL6,100,18,1,17
KL6,100,18,1,17
KL6,100,18,1,17
KL60,100,10,1,9
KL60,100,10,1,9
KL60,100,10,1,9
KL60,72.55,10,1,9
KL60,67.89,10,1,9
KL60,60.56,10,1,9
KL60,100,10,1,9
KL60,100,10,1,9
KL60,100,10,1,9
KL60,100,10,1,9
KL60,100,10,1,9
KL60,98.04,10,1,9
KL60,95.37,10,1,9
KL60,62.2,10,1,9
KL60,92.67,10,1,9
KL60,100,10,1,9
KL60,81.01,10,1,9
KL60,70.31,10,1,9
KL60,100,10,1,9
KL60,100,10,1,9
KL60,100,10,1,9
KL60,100,10,1,9
KL60,100,10,1,9
KL60,100,10,1,9
KL60,100,10,1,9
KL60,100,10,1,9
KL60,100,10,1,9
KL60,100,10,1,9
KL60,99.26,10,1,9
KL60,66.79,10,1,9
KL60,65.94,10,1,9
KL60,100,10,1,9
KL60,100,10,1,9
KL60,100,10,1,9
KL60,100,10,1,9
KL60,100,10,1,9
KL60,100,10,1,9
KL60,100,10,1,9
KL60,100,10,1,9
KL60,100,10,1,9
KL60,98.95,10,1,9
KL60,87.32,10,1,9
KL60,74.99,10,1,9
KL60,69.44,10,1,9
KL60,53.47,10,1,9
KL60,50.83,10,1,9
KL60,88.4,10,1,9
KL60,100,10,1,9
KL60,100,10,1,9
KL60,100,10,1,9
KL60,100,10,1,9
KL61,96.15,12,0,12
KL61,77.75,12,0,12
KL61,100,12,0,12
KL61,85.28,12,0,12
KL61,73.03,12,0,12
KL61,57.73,12,0,12
KL61,56.78,12,0,12
KL61,51.88,12,0,12
KL61,100,12,0,12
KL61,85.02,12,0,12
KL61,100,12,0,12
KL61,100,12,0,12
KL61,100,12,0,12
KL61,85.28,12,0,12
KL61,85.28,12,0,12
KL61,85.28,12,0,12
KL61,74.99,12,0,12
KL61,74.99,12,0,12
KL61,72.97,12,0,12
KL61,72.97,12,0,12
KL61,57.76,12,0,12
KL61,57.73,12,0,12
KL61,56.98,12,0,12
KL61,56.86,12,0,12
KL61,56.81,12,0,12
KL61,56.58,12,0,12
KL61,51.88,12,0,12
KL61,51.88,12,0,12
KL61,51.88,12,0,12
KL61,51.88,12,0,12
KL61,100,12,0,12
KL61,100,12,0,12
KL61,100,12,0,12
KL61,100,12,0,12
KL61,100,12,0,12
KL61,69.03,12,0,12
KL61,68.67,12,0,12
KL61,100,12,0,12
KL61,68.52,12,0,12
KL61,100,12,0,12
KL61,85.39,12,0,12
KL61,85.28,12,0,12
KL61,73.05,12,0,12
KL61,73.05,12,0,12
KL61,57.74,12,0,12
KL61,57.73,12,0,12
KL61,56.67,12,0,12
KL61,56.6,12,0,12
KL61,51.88,12,0,12
KL61,51.88,12,0,12
KL61,100,12,0,12
KL61,85.28,12,0,12
KL61,85.28,12,0,12
KL61,73.05,12,0,12
KL61,73.01,12,0,12
KL61,57.74,12,0,12
KL61,56.61,12,0,12
KL61,56.36,12,0,12
KL61,51.88,12,0,12
KL61,51.88,12,0,12
KL61,100,12,0,12
KL61,100,12,0,12
KL61,100,12,0,12
KL61,100,12,0,12
KL61,100,12,0,12
KL61,100,12,0,12
KL61,65.4,12,0,12
KL61,90.92,12,0,12
KL61,100,12,0,12
KL61,100,12,0,12
KL61,100,12,0,12
KL61,100,12,0,12
KL61,100,12,0,12
KL61,100,12,0,12
KL61,77.66,12,0,12
KL61,73.55,12,0,12
KL61,69.95,12,0,12
KL62,100,14,1,13
KL62,100,14,1,13
KL62,100,14,1,13
KL62,100,14,1,13
KL62,100,14,1,13
KL62,100,14,1,13
KL62,100,14,1,13
KL62,95.26,14,1,13
KL62,84.44,14,1,13
KL62,67.34,14,1,13
KL62,65.69,14,1,13
KL62,100,14,1,13
KL62,100,14,1,13
KL62,100,14,1,13
KL62,100,14,1,13
KL62,100,14,1,13
KL62,100,14,1,13
KL62,100,14,1,13
KL62,91.81,14,1,13
KL62,90.25,14,1,13
KL62,83.13,14,1,13
KL62,82.54,14,1,13
KL62,73.01,14,1,13
KL62,67.41,14,1,13
KL62,100,14,1,13
KL62,100,14,1,13
KL62,91.4,14,1,13
KL62,100,14,1,13
KL62,100,14,1,13
KL62,100,14,1,13
KL62,100,14,1,13
KL62,100,14,1,13
KL62,100,14,1,13
KL62,100,14,1,13
KL62,57.43,14,1,13
KL62,100,14,1,13
KL62,79.81,14,1,13
KL62,100,14,1,13
KL62,100,14,1,13
KL62,100,14,1,13
KL62,91.4,14,1,13
KL62,90.25,14,1,13
KL62,81.78,14,1,13
KL62,100,14,1,13
KL62,100,14,1,13
KL62,100,14,1,13
KL62,100,14,1,13
KL62,100,14,1,13
KL62,100,14,1,13
KL62,90.25,14,1,13
KL62,89.48,14,1,13
KL62,89.41,14,1,13
KL62,94.55,14,1,13
KL62,94.55,14,1,13
KL62,100,14,1,13
KL62,100,14,1,13
KL62,100,14,1,13
KL62,100,14,1,13
KL62,100,14,1,13
KL62,100,14,1,13
KL62,100,14,1,13
KL62,100,14,1,13
KL62,100,14,1,13
KL62,91.4,14,1,13
KL62,91.4,14,1,13
KL62,91.4,14,1,13
KL62,72.44,14,1,13
KL62,100,14,1,13
KL62,100,14,1,13
KL62,100,14,1,13
KL62,100,14,1,13
KL62,100,14,1,13
KL62,90.25,14,1,13
KL62,90.25,14,1,13
KL62,100,14,1,13
KL62,65.34,14,1,13
KL62,100,14,1,13
KL62,100,14,1,13
KL62,82.64,14,1,13
KL62,100,14,1,13
KL62,100,14,1,13
KL62,100,14,1,13
KL62,100,14,1,13
KL62,70.49,14,1,13
KL62,69.3,14,1,13
KL62,67.62,14,1,13
KL62,62.87,14,1,13
KL62,93.64,14,1,13
KL62,100,14,1,13
KL62,100,14,1,13
KL62,100,14,1,13
KL62,100,14,1,13
KL62,100,14,1,13
KL62,100,14,1,13
KL62,100,14,1,13
KL62,100,14,1,13
KL62,100,14,1,13
KL62,100,14,1,13
KL62,100,14,1,13
KL62,95.13,14,1,13
KL62,93.86,14,1,13
KL62,91.4,14,1,13
KL62,86.03,14,1,13
KL62,67.41,14,1,13
KL62,65.58,14,1,13
KL62,100,14,1,13
KL62,97.59,14,1,13
KL62,87.45,14,1,13
KL64,100,18,3,15
KL64,100,18,3,15
KL64,100,18,3,15
KL64,100,18,3,15
KL64,100,18,3,15
KL64,100,18,3,15
KL64,100,18,3,15
KL64,86.35,18,3,15
KL64,81.89,18,3,15
KL64,70.84,18,3,15
KL64,70.83,18,3,15
KL64,69.58,18,3,15
KL64,100,18,3,15
KL64,100,18,3,15
KL64,87.48,18,3,15
KL64,100,18,3,15
KL64,68.2,18,3,15
KL64,66.79,18,3,15
KL64,64.75,18,3,15
KL64,64.02,18,3,15
KL64,57.99,18,3,15
KL64,100,18,3,15
KL64,100,18,3,15
KL64,100,18,3,15
KL64,100,18,3,15
KL64,100,18,3,15
KL64,100,18,3,15
KL64,100,18,3,15
KL64,100,18,3,15
KL64,100,18,3,15
KL64,100,18,3,15
KL64,100,18,3,15
KL64,100,18,3,15
KL64,100,18,3,15
KL64,96.52,18,3,15
KL64,93.73,18,3,15
KL64,91.53,18,3,15
KL64,100,18,3,15
KL64,80.51,18,3,15
KL64,100,18,3,15
KL64,100,18,3,15
KL64,100,18,3,15
KL64,92.44,18,3,15
KL64,65.33,18,3,15
KL64,65.11,18,3,15
KL64,100,18,3,15
KL64,100,18,3,15
KL64,100,18,3,15
KL64,100,18,3,15
KL64,100,18,3,15
KL64,100,18,3,15
KL64,63.61,18,3,15
KL64,100,18,3,15
KL64,100,18,3,15
KL64,100,18,3,15
KL64,100,18,3,15
KL64,100,18,3,15
KL64,100,18,3,15
KL64,90.06,18,3,15
KL64,84.77,18,3,15
KL64,68.19,18,3,15
KL64,58.9,18,3,15
KL64,58.44,18,3,15
KL64,100,18,3,15
KL64,100,18,3,15
KL64,100,18,3,15
KL64,100,18,3,15
KL64,97.51,18,3,15
KL64,79.18,18,3,15
KL64,68.46,18,3,15
KL64,80.51,18,3,15
KL64,100,18,3,15
KL64,100,18,3,15
KL64,74.94,18,3,15
KL64,55.28,18,3,15
KL64,100,18,3,15
KL64,100,18,3,15
KL64,100,18,3,15
KL64,100,18,3,15
KL64,100,18,3,15
KL64,100,18,3,15
KL64,70.83,18,3,15
KL64,59.03,18,3,15
KL64,52.4,18,3,15
KL64,73.5,18,3,15
KL64,73.5,18,3,15
KL64,100,18,3,15
KL64,94.55,18,3,15
KL64,84.63,18,3,15
KL64,54.69,18,3,15
KL64,100,18,3,15
KL64,67.28,18,3,15
KL64,100,18,3,15
KL64,100,18,3,15
KL64,85.55,18,3,15
KL64,70.84,18,3,15
KL64,68.49,18,3,15
KL64,100,18,3,15
KL64,100,18,3,15
KL64,100,18,3,15
KL64,80.01,18,3,15
KL64,100,18,3,15
KL64,95.82,18,3,15
KL64,68.38,18,3,15
KL64,61.35,18,3,15
KL64,56.07,18,3,15
KL64,100,18,3,15
KL64,100,18,3,15
KL64,100,18,3,15
KL64,100,18,3,15
KL64,100,18,3,15
KL64,100,18,3,15
KL64,100,18,3,15
KL64,95.84,18,3,15
KL64,99.31,18,3,15
KL64,100,18,3,15
KL64,100,18,3,15
KL64,100,18,3,15
KL64,100,18,3,15
KL64,100,18,3,15
KL64,100,18,3,15
KL64,100,18,3,15
KL64,100,18,3,15
KL64,100,18,3,15
KL64,100,18,3,15
KL64,100,18,3,15
KL64,100,18,3,15
KL64,100,18,3,15
KL64,100,18,3,15
KL64,96.52,18,3,15
KL64,96.52,18,3,15
KL64,91.53,18,3,15
KL64,91.38,18,3,15
KL64,76.33,18,3,15
KL64,100,18,3,15
KL64,100,18,3,15
KL64,100,18,3,15
KL64,100,18,3,15
KL64,100,18,3,15
KL64,59.1,18,3,15
KL64,52.41,18,3,15
KL64,100,18,3,15
KL64,100,18,3,15
KL64,100,18,3,15
KL64,100,18,3,15
KL64,69.32,18,3,15
KL64,100,18,3,15
KL64,100,18,3,15
KL64,100,18,3,15
KL64,100,18,3,15
KL64,100,18,3,15
KL64,100,18,3,15
KL64,100,18,3,15
KL64,99.37,18,3,15
KL64,95.82,18,3,15
KL64,89.06,18,3,15
KL64,89.06,18,3,15
KL64,89.06,18,3,15
KL64,75.98,18,3,15
KL64,75.56,18,3,15
KL64,70.78,18,3,15
KL64,65.94,18,3,15
KL64,61.33,18,3,15
KL64,61.33,18,3,15
KL64,61.33,18,3,15
KL64,56.07,18,3,15
KL64,54.63,18,3,15
KL64,54.63,18,3,15
KL64,100,18,3,15
KL64,100,18,3,15
KL64,100,18,3,15
KL64,100,18,3,15
KL64,100,18,3,15
KL64,100,18,3,15
KL64,100,18,3,15
KL64,100,18,3,15
KL64,100,18,3,15
KL64,100,18,3,15
KL64,100,18,3,15
KL64,100,18,3,15
KL64,100,18,3,15
KL64,100,18,3,15
KL64,94.61,18,3,15
KL64,94.61,18,3,15
KL64,88.41,18,3,15
KL64,88.41,18,3,15
KL7,100,11,1,10
KL7,71.13,11,1,10
KL7,100,11,1,10
KL7,100,11,1,10
KL7,100,11,1,10
KL7,100,11,1,10
KL7,99.62,11,1,10
KL7,99.47,11,1,10
KL7,58.79,11,1,10
KL7,100,11,1,10
KL7,80.68,11,1,10
KL7,52.47,11,1,10
KL7,97.6,11,1,10
KL7,100,11,1,10
KL7,100,11,1,10
KL7,100,11,1,10
KL7,100,11,1,10
KL7,65.37,11,1,10
KL7,65.37,11,1,10
KL7,100,11,1,10
KL7,100,11,1,10
KL7,66.38,11,1,10
KL7,100,11,1,10
KL7,100,11,1,10
KL7,100,11,1,10
KL7,100,11,1,10
KL7,100,11,1,10
KL7,100,11,1,10
KL7,88.51,11,1,10
KL7,80.7,11,1,10
KL7,100,11,1,10
KL7,100,11,1,10
KL7,100,11,1,10
KL7,100,11,1,10
KL7,86.47,11,1,10
KL7,67.71,11,1,10
KL7,100,11,1,10
KL7,100,11,1,10
KL7,72.47,11,1,10
KL7,71.09,11,1,10
KL7,100,11,1,10
KL7,100,11,1,10
KL7,80.68,11,1,10
KL7,100,11,1,10
KL7,100,11,1,10
KL7,100,11,1,10
KL7,100,11,1,10
KL7,100,11,1,10
KL7,100,11,1,10
KL7,100,11,1,10
KL7,100,11,1,10
KL7,100,11,1,10
KL7,96.08,11,1,10
KL7,100,11,1,10
KL7,100,11,1,10
KL7,100,11,1,10
KL7,100,11,1,10
KL7,100,11,1,10
KL7,100,11,1,10
KL7,100,11,1,10
KL7,100,11,1,10
KL7,100,11,1,10
KL8,100,15,1,14
KL8,87.63,15,1,14
KL8,72.51,15,1,14
KL8,67.88,15,1,14
KL8,66.5,15,1,14
KL8,65.14,15,1,14
KL8,50.78,15,1,14
KL8,94.26,15,1,14
KL8,79.14,15,1,14
KL8,100,15,1,14
KL8,100,15,1,14
KL8,98.54,15,1,14
KL8,95.59,15,1,14
KL8,86,15,1,14
KL8,100,15,1,14
KL8,100,15,1,14
KL8,100,15,1,14
KL8,100,15,1,14
KL8,100,15,1,14
KL8,100,15,1,14
KL8,100,15,1,14
KL8,100,15,1,14
KL8,100,15,1,14
KL8,100,15,1,14
KL8,99.27,15,1,14
KL8,99.27,15,1,14
KL8,95.31,15,1,14
KL8,95.31,15,1,14
KL8,91.36,15,1,14
KL8,100,15,1,14
KL8,100,15,1,14
KL8,100,15,1,14
KL8,97.83,15,1,14
KL8,96.53,15,1,14
KL8,77.84,15,1,14
KL8,71.53,15,1,14
KL8,100,15,1,14
KL8,81.93,15,1,14
KL8,76.66,15,1,14
KL8,72.54,15,1,14
KL8,66.88,15,1,14
KL8,50.78,15,1,14
KL8,94.26,15,1,14
KL8,100,15,1,14
KL8,100,15,1,14
KL8,79.96,15,1,14
KL8,100,15,1,14
KL8,100,15,1,14
KL8,100,15,1,14
KL8,100,15,1,14
KL8,100,15,1,14
KL8,100,15,1,14
KL8,100,15,1,14
KL8,100,15,1,14
KL8,100,15,1,14
KL8,100,15,1,14
KL8,100,15,1,14
KL8,79.78,15,1,14
KL8,67.02,15,1,14
KL8,65.51,15,1,14
KL8,62.5,15,1,14
KL8,79.15,15,1,14
KL8,100,15,1,14
KL8,100,15,1,14
KL8,100,15,1,14
KL8,88.66,15,1,14
KL8,100,15,1,14
KL8,100,15,1,14
KL8,100,15,1,14
KL8,100,15,1,14
KL8,100,15,1,14
KL8,100,15,1,14
KL8,100,15,1,14
KL8,100,15,1,14
KL8,100,15,1,14
KL8,100,15,1,14
KL8,100,15,1,14
KL8,100,15,1,14
KL8,100,15,1,14
KL8,100,15,1,14
KL8,100,15,1,14
KL8,98.21,15,1,14
KL8,89.15,15,1,14
KL8,87.63,15,1,14
KL8,77.02,15,1,14
KL8,72.51,15,1,14
KL8,71.09,15,1,14
KL8,64.81,15,1,14
KL8,53.87,15,1,14
KL8,50.81,15,1,14
KL8,96.52,15,1,14
KL8,100,15,1,14
KL8,100,15,1,14
KL8,100,15,1,14
KL8,100,15,1,14
KL8,100,15,1,14
KL8,100,15,1,14
KL8,100,15,1,14
KL8,100,15,1,14
KL8,100,15,1,14
KL8,100,15,1,14
KL8,100,15,1,14
KL8,100,15,1,14
KL8,100,15,1,14
KL8,99.27,15,1,14
KL8,99.27,15,1,14
KL8,96.7,15,1,14
KL8,95.69,15,1,14
KL8,95.59,15,1,14
KL8,82.09,15,1,14
KL8,81.72,15,1,14
KL8,70.14,15,1,14
KL8,100,15,1,14
KL8,100,15,1,14
KL8,100,15,1,14
KL8,75.34,15,1,14
KL8,90.81,15,1,14
KL8,51.08,15,1,14
KL8,100,15,1,14
